95358047
422306861
288555
4169815
6654221
23384537
24994157
27123782
29545455
47795802
49968356
56161662
61293343
63088440
105391929
115822899
121786772
150126601
243265226
250138133
254965714
269165987
284396178
286215252
297219946
297532444
305425242
316011380
328149392
345488723
347624465
407475203
455651260
460687826
502802131
525606890
545791268
545791268
578687061
631384518
634801587
651358380
798054523
905591004
914518669
1024266638
1226613005
1326784604
493161829
1017952575
274814272
494252276
876325219
763959412
513508000
550245326
1263029874
626862297
497114420
1297872824
249915398
372923221
519792002
836192583
553106607
757293401
974794196
419448904
931802972
931802972
