1520870547
420026039
452059308
704628808
1271837747
819814014
1720293954
1430335497
1522601708
1106012199
515893761
185176487
549500657
642834028
1614430319
493137879
761617530
844361043
892839993
1830757982
1169040176
536448375
1368125692
457071776
861639303
1213083797
1625285149
735160804
511096872
573714386
2685340908
985881572
718819792
243146648
272377148
871299167
571296901
1260892721
137360980
370704044
752543567
1257407145
2217223175
1936000742
1007481107
1278892890
2692201550
617866982
1142431297
2727635154
727528119
1668116282
1010263741
974388746
530128862
674423884
1061352172
1608108606
1029825186
1921980746
1278961895
843677155
284965663
1179431204
