519194496
547165263
623332956
398441927
1367605403
147924554
798664036
2369545187
422627721
476100036
402052712
137854240
2678536881
11565615
1906968820
497510495
22068420
631808781
408377850
414717596
1967299921
491320443
641662556
394915912
834441021
25815166
29544971
420571653
545894428
284146953
136340327
752883609
1476595281
821353922
1624590361
544793779
347064066
1140336997
842203414
283196341
729403823
396872621
527247768
564799351
463563264
86244381
39885902
635278374
1275862208
1183648014
1464188192
334129219
278679433
285522951
928309396
455920349
775402234
1311069355
137970212
1975498400
1070556197
1028294561
295651186
1254696789
251015298
824896195
270089350
64967607
153182524
951950341
490922046
245145077
840895929
1151038488
991067524
420484093
809353638
1595340266
549028398
345530299
15250200
812988467
1057054515
459547776
419793061
934293515
1647182267
413151187
2995688110
1605245947
136920061
312295231
317912261
1490017005
769103122
836550767
814736766
931950819
357087004
631071248
1240837132
573448542
423352651
624400903
773998200
609569515
157264922
362142518
327670889
494086589
390552786
429649269
392055761
782173418
406625227
56686353
4422788
28324670
915082607
527705916
645810165
464631808
280444814
6706092
514342948
805988970
313854855
366099430
530427540
522532256
846099872
1058103042
529822789
2159878
1137968694
652536265
1010279079
108556309
359512405
424489271
269665687
19893395
1207373764
316450585
1035551599
839284494
916225683
870686982
376311868
417149803
1516033294
1113470826
670125002
1845802384
1612492768
873598493
453351315
278512344
594357558
417033196
974435233
284270778
120213619
810120683
404271426
303877469
93043841
466311897
1404113637
973429390
707871639
1204631218
564676251
740371580
839083939
980902919
710449589
754867290
915344331
37680138
315368491
172621156
986528134
874345904
495142897
37680150
491620090
1090503163
514380534
1163979744
1205994004
641650029
181818519
402953667
38584586
124996838
1019217556
470383079
82959011
984623086
472189926
22033572
1028548274
1017692193
704809141
421297919
534952892
457838244
986401430
384113193
531043394
371071107
452398956
641807153
396795576
867991031
77160520
496017513
2746339009
369534669
541052829
399162083
731745385
35736791
578320375
1348172285
15294328
1046392469
2538287311
504614883
876435700
79988572
411913070
1011716765
291507112
464033541
642593927
348142409
511684568
1286709036
865670447
95401864
252581300
402209183
838678032
444060986
253735209
710980460
776503130
602057913
1390729887
1620351982
250783464
359269402
564680017
1135014577
250561503
450981914
1183794354
354472954
286246114
729835071
626486060
369680531
602502708
359568292
287932636
