408795113
42351847
390399380
405645536
26545559
504869430
2669205606
363069087
38422796
178242019
982080238
845123178
156957898
1354971847
31920328
340332424
412492074
346438513
285154425
1525484740
1771303488
1220884613
584671595
1397252815
529755258
tanhz99
1548045893
119072898
1054280356
516248745
273119823
461705430
2523001352
510213995
490213581
277062721
53872118
742342554
1115408237
1091040044
67433433
404683269
1902530484
709604527
449325806
38918007
464730504
995400916
154956998
108340247
280131269
1093698760
195309783
2858907826
2322349829
1099668031
913704866
827438352
1193262372
1161366207
285764831
694781870
1403047676
36163773
1172815724
404140498
928738962
228720515
1149528314
2215371040
1278018214
403269833
747833586
441064464
781129448
49516596
345878579
785511734
978296626
452273036
1010056253
49863423
23190543
616180507
531931012
515599380
156957898
1354971847
2309600246
937122342
965804527
272658578
sentra
406889138
248846849
8936517
1156402646
269380030
1654995695
1219902977
417424471
282525298
113981891
117550107
296979322
615871972
1135201207
46992162
541209793
451358104
85529726
969549449
174796678
861835839
64075834
550789765
674367371
1193145612
1135043475
839731661
344832904
605885965
20222460
709858602
874084559
34809934
181275547
122416514
280413177
654271248
460085345
342660744
50279224
937493099
1211453900
9105453
65161303
1052397260
735734841
1030185308
404140498
36163773
1471674914
244961405
125077396
865576236
43700351
676747867
inwindangel
353977751
docdcy
939787791
601113509
1259191588
tanhz99
17403568
181275547
1731553597
2858907826
804024239
464200541
873127193
285103336
936402705
877870624
lipengmazui
768735234
835053465
67938996
527269518
151608227
Pansuyue82
26545559
540020068
334234558
765228687
616830026
1151033228
394004312
532141226
290480356
595642156
623725065
852234934
956841522
1013865662
320112007
694400861
505174012
506322005
871808641
964409625
990297364
642276701
348142409
734591690
304929094
375191420
12163783
lzw816
443007719
375574997
1052397260
30912579
346909502
258303175
736085965
405586504
438150805
1185037843
1210235779
26545559
873127193
269380030
1471674914
lzw816
493386510
2322349829
1535909540
109798233
375283479
cycsu
978707328
1752900403
554539474
7422979
84782178
774113132
464200541
316660309
990297364
1209425134
27886202
63447736
287932636
393149289
1242191314
947871212
805372510
245145077
1145008445
24875125
475806689
773658703
179252791
250561503
965838523
342660744
727623472
568290711
10630173
568290711
10630173
