
18-9-4
-1
807339284a
164961885b
1135417198c
383597882d
1743955477e
-2
767192455f
864718340g
382098109h
339612972i
575521162j
-3
422608382k
1390838123/l
410932516m
261636083n
2513732259o
-4
43304634p
838784719q
1027584383r
779294849s
535356111t

980570350u
1016077914v
475561862w
553946802x
771799590y
505150347z
1319869896
1375593890
494473363
376975237
1525865149
2435192992
884516317
528847222
1152996210
422891037
1065911289
963229461
64021105
1433934699
2546286497
229364218
411679479
286386993
1037281190
879922790
542228391
450203744
543103262
362356962
1036240289
920370304
1608122263
1055385895
317859090
754258289
24731955
909652891
719858636
392361015
275776530
354454211
854777399
616741548
790458631
652913935
1107634383
472210765
2876419364
1343679451
1833250791
782270901
315481846
421718312
254509870
164660614
935567662
284356412
793258357
260017728
1608322591
1619036382
915241446
2568405180
2811524748
395388557
1421087356
931637251
1047555019
847586368
467668606
214792916
253117224
1548371964
54322613
