87249799
1347452157
365049884
14631416
49081303
122298239
158310815
250851684
279499364
290757780
350427377
361722213
370940415
407663617
490831368
513783626
524915043
530937721
544681637
562245834
574357671
576502691
601767519
610023654
644736817
649100636
693864564
811736873
840632210
975401013
1303563078
472931173
742034439
421732652
411142780
1185958792
675884382
494753791
274187390
409906676
475280908
1346810974
287612346
250252622
153733429
281093461
1136138213
245251416
370641401
448674002
986223795
20646900
28551085
1776830459
364061191
969711856
304446266
2504291925
