18-9-6
-1
502632916a
274903117b
20237849c
156365518d
813381504e
-2
378395492f
921029103g
104304069h
1091696429i
358696879j
-3
121823422k
631146444/l
1823289028m
970330043n
45345081o
-4
1870331490p
43059588q
752738805r
413451639s
2944816537t

29967178u
821553086v
78723777w
1348504919x
1137795526y
42757417z
985744009
623242475
26134591
307001658
915443639
954796176
80826335
1442129042
280620322
290795644
614394862
530852479
38226835
281647969
47195574
239552955
2660548443
149972282
369669694
1409585401
1532238145
554253993
605971258
136721468
87393199
578006055
44248929
164773667
919630598
907266452
466479450
249865870
7286259
260866691
530822114
530822114
171537339
573337089
1049108440
1393331063
617172523
28795922
532670277
532670277
245520930
469075220
1132608587
57733153
2414438
707426271
2190705852
527282055
297187030
357493283
1159225901
276343015
1103275726
370789065
617709413
664302022
724624793
601629335
6764362
350097266
332516379
1049951828
2621485999
694381189
223383069
1825898125
549560851
215574831
191693527
156081449
2267838004
958298182
893220893
2534687838
516249366
1061347973
154190139
963725602
823479957
506295203
595546382
417264169
8483057
1375923602
673549548
2452481487
2378353299
8792312
1043745471
623936716
630373492
1149420341
654662182
1023383064
892999460
309508717
1205534161
1205534161
36950440
920516469
406898256
879862116
386519101
306802207
36480471
1066630861
2576693428
153549725
2849295392
952377688
393181886
32950333
2762733974
1126843439
514211636
244139723
479914057
273277810
593477565
289325122
809819535
38357841
9461625
1324564699
253990552
38248686
850510281
873816288
1262588351
448120924
316986943
370674263
462331130
350667334
898197241
42782546
290731601
1573132396
384964503
279027371
29221634
729389897
395978781
532692090
641730691
29742058
80339167
2665891081
522642450
531049291
291171348
1054961192
52165731
461796171
601394502
675583127
1070196080
460356134
155317552
228338078
331827044
327524337
529821292
876005051
514571667
383360174
418502376
670710162
909328431
531198276
282062364
328551522
497881290
328113419
1216559771
191903879
731252656
286171727
254932116
838678473
602913592
1191152826
76267760
1528784948
1447416133
2442728422
438420148
691796209
634478667
545016011
251534270
1756196099
1002134175
187210870
522075847
1271452154
554245480
1025139182
10768285
695252575
605258992
769465939
582904010
1075331559
2991462621
2417545507
1098069330
416323034
867952389
1978312098
82175163
418925727
314245019
376436054
694427252
952154333
287993570
2459009692
270453207
244030304
113797464
413283073
541206841
18041995
651094649
303620367
1453893439
434621106
59767764
81308931
545019493
377802126
281044397
1109599813
394345952
513182500
583679934
920629420
284946675
491597463
78666850
627086193
502781267
562964475
534964063
422931191
1653461626
834207198
441479310
516219920
303711578
84222720
16607533
810979585
804532065
55442677
153948274
403551959
595961065
245973148
21117435
86704783
603451470
30963269
13914942
2238809138
31490085
734933694
253629926
935904326
514941007
774825104
261630525
947978078
401995730
252862220
250485912
393859245
2875855289
357972598
307189860
