1073743334
465195805
410016978
64945795
849742808
1106163880
185737453
271372369
570796224
25321331
908376068
564494959
1264933245
40741698
229526404
315935352
33684637
2568344696
37042419
375562572
10855456
573341440
527181714
1228857674
15846523
2211073259
463584004
16721942
397628483
2205267128
707123913
122704055
392085218
1277319952
413224986
2737292186
1140957096
610198080
710292007
860800643
512037881
918236355
48527943
1046815609
330676917
352638626
523352821
41676112
4687982
273821255
53459916
75822603
281397204
978333211
337855151
1049488351
448675775
3037742232
1411135247
2496941142
859245757
