469386903
1016382963
279663447
515422549
1063430802
656415723
774662913
794381815
1183252699
562723221
345259934
512334626
1004331694
27046576
760547691
909002392
2517346070
631448785
598117497
396554662
2466558502
1152188063
610254419
1033384991
1083473076
815669097
542216118
1308246065
1975573810
874643854
1042862087
2500597848
515581716
1716340143
877243448
1849497528
627420702
2311425948
646546479
850535995
421019283
578333700
421936822
1804995908
280560860
297445456
406890451
417319146
229888857
53709431
979641226
407797537
282124336
858641536
1784409755
1178296287
741695712
1786280265
1363792342
1219533212
809652807
564744421
542856874
362413309
893875681
1256455127
657333556
243092496
605962413
897208475
516407851
136202380
1686076117
892505891
420102220
1210095990
1055562576
1028249324
630059239
1609924953
1044954305
985105520
891032510
602271918
28316324
623089407
1535910418
1017679453
455524752
784151955
1057943364
542270670
1535312910
982934675
1356122304
1010248779
791430418
1415442264
476583872
317616102
2015467359
553623873
449296546
937115855
306650707
819418375
2993592412
254661167
393902300
1340938681
306604208
1434688839
1136135257
1029938964
1246164011
626999041
282100945
1195721282
467154335
539880280
791521131
461988566
645845785
328221059
310417027
593675366
1779694242
739045896
897390174
2442122536
474169545
345621191
2388803134
1023526711
396420035
2546226529
1262739954
635730598
1247731936
1572203820
1925258328
471985403
892219967
1215929020
65399846
770243715
429791968
1204612412
1339870658
1142024915
2458549871
1397184367
969680463
781110317
2628613089
374089353
656163504
1531078253
2584712311
1030527911
1179089588
893906273
407036174
1356846754
547360145
2506410292
316951048
916769833
1527467630
249174723
1140929985
864670247
251464841
421118360
847177521
1032557815
657524090
2585593408
742983094
465545715
281672251
1149493899
1519491994
610188321
972574672
849009857
1270554270
329040313
43385304
1964200119
654059214
747054372
2576718359
1433559845
904733306
358825387
342683317
2277412717
996043801
479043849
455345513
986926193
1258609497
1213962385
296986884
1294665321
309743092
743838733
136617338
407683096
1258386639
3059258427
1043594504
1012514711
872816103
1105080536
1498069861
1159369137
381222536
123617223
1548780657
916720906
624190032
929788786
1397119905
450338237
644805911
326980753
986464475
546473062
497168957
1761213056
741306820
690922235
664373295
747831871
1197121768
42193469
1025468371
1831605696
453835189
342883635
1534836434
287535960
454609321
1405103773
510768972
2464852615
1653630108
115430644
2206493009
517832565
847387571
765365282
1085007107
1306402383
850839592
603669725
524740990
312163460
784135707
939462534
511933216
1054394002
842115483
2693410226
757121790
453478627
769109612
805002166
592579412
1527019519
741611774
2207751580
1329501916
532686546
2298902193
1542007322
459190775
463453586
673013131
383885394
652473264
614449040
920578012
574518704
2301941322
1914742906
759310407
1286088298
874498683
591633953
492580666
2049899524
2418297902
851007221
378648804
1483467715
923791005
1325195822
381282304
1195906538
604307398
1668092499
1282264042
