996114664
372187830
842032560
764067405
420102220
1066141830
814314809
1379030091
891032510
1037578122
623089407
429791968
1308246065
372774024
864201574
455345513
476583872
1017679453
1300463675
1742900450
279663447
306604208
281672251
542427786
849009857
2458549871
969680463
562723221
1012514711
342683317
850535995
892505891
412413524
1176384771
839841061
1261209121
1159369137
524078496
774947708
872816103
812674108
1033384991
610254419
627420702
1215929020
1136135257
71834195
834124595
876016736
894109838
1609924953
2311425948
326980753
646546479
396420035
104810192
986464475
1534836434
1475712238
1142240210
421019283
909002392
1083473076
282100945
779348897
474169545
593675366
492580666
546473062
770243715
396554662
772082794
772082794
461988566
290543232
539880280
512848192
1282264042
