
18-10-24
-3
871708612uu
1285114467vv
329527891ww
-4
452931301xx
15954800yy
569161258zz
-5
121830100aa
676275056hh
290078300jj
405922216kk
740009041/ll

616009624R
372499244W
370031837X
2444145134
283617619
117739214
277966287
625782384
6032988
2601710763
1096402838
377100285
1296857120
619123106
1647844882
326580985
767583849
1652751661
596638762
627063040
1043013861
360814920
742017264
836020625
811845148
156379206
249132949
41348292
1033581343
540653335
1217259957
845158364
644598645
1398574173
2522744481
1505540190
1206529092
649126504
2385241429
457064620
373865973
1287420186
