534273802
554937938
89679754
463259477
125672461
250590882
245068994
443783526
915330443
892668191
393815312
26743254
26743254
445187642
529301347
293435541
389460063
334840559
845053205
104601610
871528022
19469240
4694174
279347819
56614800
498125951
254118879
464013106
632090176
623160488
190898192
573498985
2443418372
872171304
610727289
804421665
2963183679
445335230
295305915
125471957
810744910
21305115
18796425
1020051066
812644632
68643919
1165764521
273135107
749201643
635066828
2468314922
705494424
1263415225
1113840757
1595897872
792367502
583582397
