345317209
441244675
245979099
22969417
523560813
229180104
755386168
570927619
28945023
872643830
824943801
279004834
715301420
461274539
479312960
479312960
278520560
759683091
251676403
553834274
446564343
153888103
29192907
273146620
375160145
289567189
171276213
754340533
18293468
251696460
249239379
929591443
178039875
834655994
125057185
55291312
1092668127
772028212
694918997
1327450481
1318307193
1229891880
154269474
113886364
373228329
329425730
475107679
2380607466
42502640
1366716523
891748653
153690936
1256981581
751532462
790214310
1083096207
328779553
466189657
503725223
384154320
511455484
157301815
1043744752
1254620534
810834519
623600919
112495662
971011550
805159531
362677340
1062476103
124212734
1182366018
961149439
710797232
447626994
554922091
