18-12-17
-1
1007409131a
447889962b
879055895c
510158841d
515210256e
-2
1063651416f
411108619g
774245638h
444138319i
470010550j
-3
k
971212117/l
1508227566m
187311674n
312149022o
362884005p
-4
289695755q
511586435r
158458484s
258936092t
1207147556u
-1
313716108v
369179971w
547706673x
313533358y
315259570z
-2
859108183A
1071928262B
741705585C
493528144D
1392822449E
-3
344850561F
812904264G
814732014H
-4
476803588I
1220382158J
501837344K
951297930L
277924462M
-1
595065419N
714314037/O
1093002461P
502583750Q
1174501601R
-2
601028347S
350598230T
940068368U
287042831V
84072268W
-4
490178008X
35858176Z
458751243Y
286874185aa

598100668bb
847131125
52387648
214413701
1184916091
919588293
1315816132
805258071
472570417
136913159
174510704
531130165
407438384
834302799
347952582
380998147
151930020
1437585144
770634263
1501135956
584290762
1203020552
542242968
414542231
442031189
997377667
731797865
593605840
362710021
771297988
394706067
931115471
779777195
569765262
709659031
61467296
369283340
88948048
646351281
514013936
751666296
1171245078
276606364
617027996
273045116
459992533
990592205
992856377
460927645
920172147
472979137
756111500
1030307946
94333217
1130076364
530007940
772086163
1048756904
376859881
836975712
413508835
1050163625
1471486976
578611866
503207014
553711868
1139727224
396807800
279832449
231017656
572440493
964809213
450349514
1242965591
799978372
94611960
529177690
397933045
619127478
1637533524
1603009736
1627967456
277083943
635787360
1197145592
350789415
865581462
1015697336
784135707
1596719248
857524480
1542367989
497286079
13484200
475466514
904647342
751677517
1363839551
1610566108
472338761
415773101
826237031
1139118173
348859215
717653398
1561602575
653103318
920274918
676238423
99161305
258112307
1225418162
761252867
245900014
229649851
2941685235
12097701
949945297
1842767548
523592598
516357551
1281682534
1085470190
769196654
2510317905
1475654071
403708493
364507467
2587458173
635955238
839081148
798472542
799723848
847933423
821597048
920546330
312522818
1733174776
281461068
1139616727
930114302
1649594326
276693518
709326284
913956804
1165500623
1013734551
871460253
2432150867
894642378
1837943412
274446288
502704874
614220735
1164934067
823947654
469592935
43247873
328623749
329979841
1318781034
386846678
360032069
750170092
761546120
657662395
708932873
1032759008
2501926478
1252191988
1029627477
2485186752
5647282
541785638
774275231
271906094
384642983
1528973100
526599561
462244408
962493086
375120734
837401981
1290241195
2436636408
1303389034
924541899
1073132921
2808795583
951193937
956473946
1009271537
554873564
610452659
626269039
443941340
277239338
247427661
2489621759
524422431
965954818
905426474
994608096
396991365
840363668
154377036
2442195205
294312029
715417326
306746928
459744051
365428337
1074169356
1417523030
408977481
925788121
513503894
1020078008
982869313
1184446045
177084592
413618207
461925647
446287000
471981575
283202420
528305612
1010239750
1191045064
972411437
2416298501
344561021
277058240
741676586
1009539119
787303128
1193856450
530630222
1358400259
1027640932
240308150
254733202
473474031
1654083745
985286897
958523665
1943296957
1650235415
1031866191
1197040850
237034865
397207262
1626474963
1727415874
1831605696
1120531761
446590605
986443184
981980962
287375787
1475776391
348043409
272214272
735698852
1439315928
568515868
1021839059
1018926304
892283902
405704312
1076510118
1003352764
1298315295
738272666
919867819
361679078
306398379
12369822
979110994
345032028
1093297031
790882508
1393315803
975262556
546564383
2569055127
404012065
849188740
502188425
565394569
550150319
29533825
82178167
285865430
438322787
282214501
1978637541
1006063326
441331219
292677648
1042408950
1366372845
1175714119
253068019
610752472
243147113
479422529
1103641464
1409552575
1127141290
422591255
672807600
867072551
1627019040
370839018
769963801
63245456
603157713
270458679
1605976258
1442439490
379879632
2991302281
1458984897
244092669
775704920
1030218891
1493676387
26061047
1353926082
1006224398
945128911
463563510
1334451424
502642731
1415488237
1565907682
2622553669
289099736
604767789
603085794
478583362
897586607
578187286
913971068
1664203670
2516015841
1374817238
727281379
810057469
779680806
2451139137
982429547
2589049741
1072791905
847177521
715626151
362017261
1760352695
416432844
27143322
972062402
1321252181
531024036
779244098
1850571370
2502188245
308002083
383593965
648343645
644545305
826534083
415790769
2423824944
1055891745
1574239379
1305952443
156706795
547422252
478088828
1003207039
752322087
1260240635
1013037469
273321825
895779337
1721147016
951447474
1547877354
1007604372
407014027
187347330
1220207785
1791085989
735173822
1255394083
477827895
407797530
2350817271
1299899117
1306739384
1174483115
361606784
283001888
122918402
838108190
473072534
939116290
187214478
729074672
251563566
292779656
746391762
2865543367
273320630
957452945
786298287
770365414
519391244
872450324
865061449
1021507403
411298296
439185497
844398181
958659815
978581316
2451246189
