13045160709
15045022124
13936625632
13804609105
13845071027
13624511524
18846113007
13945141591
15045430333
15804516891
13946020455
13796670538
15004680415
13351273112
13895760985
13936673826
13684516196
18846143506
13654589427
15804513613
13796636284
13796626722
15904507440
15046113256
13804585705
18545850825
13654504286
18704651711
18845146032
13633601838
13796180555
18745775265
13766856004
15804519632
13654544297
13624610791
13030059960
13804557180
15804618681
18745104197
13654596455
18045182446
13936263740
13836162494
18445861852
13674654932
13603607756
15145098701
18704651711
15846509653
13895728281
13936302101
13704511223
18645083939
13766887871
