19-1-16
-1
421975080a
280658538b
254485432c
165272728d
e
-4
345764873f
867647545g
793628983h
292539238i
674155298j
-1
273302832k
348243738/l
309521806m
732406010n
568767945o
-4
87522062p
675956173q
3182377r
332998109s
455813936t

806080334u
909762704w
779556538x
262484830y
846962668z
532321757
654481692
954877716
379166820
66461352
412359325
806759438
604636134
843461050
517161128
809114460
529716391
1020735873
1305311829
1258049236
906802752
158735589
1058751165
137723282
1021378275
410094934
921786441
1101401942
22828152
876116921
302690371
1049378769
446188715
1173646065
573447657
296687904
1092578713
466291390
540752943
296232519
419504997
986157425
1796720121
1033048785
1327553579
654113142
1287969337
479095450
2629099036
2607090098
1109076636
949030792
164775766
598944011
1030732138
895123684
1328136895
1625712361
476893104
823192568
584951128
759331362
872655383
736614288
862488603
1204880752
932633411
1316407476
920044943
987301061
453450305
672585597
827525840
61680964
463173891
465564699
1240568745
441807032
393281947
28215370
477798482
2277235795
496798447
470711640
782926207
1076090471
1321915130
45253584
418662887
1102096066
1204328101
649071387
1139069123
295621430
798948346
429591442
85768439
476094432
987027050
1260350850
906077038
707914236
172781585
464282237
526422514
1371120246
1192967433
344501842
295175769
1007075134
975102186
1980480283
1034998326
757047482
839269246
494899192
1129358456
675822959
675453375
1225420101
672259457
841646577
731516929
807848010
535708218
852888219
245825641
1185342598
531107255
353205102
1539570063
1208885909
1257334087
857934000
231823572
124731676
942410501
1225489764
1010223188
1479099180
609170279
1638064203
870268896
461625486
593458190
852534369
1035055947
1002422868
190097815
838008421
1141333436
1711173219
66799073
283156807
597824280
404860310
360802794
1191853297
370831697
1020176823
1045648339
494990590
754911307
934550815
461303887
291030546
827839047
756918893
2374605480
510026437
493083557
1034521343
1198348036
524237242
1225418162
714878139
735074019
413221458
731108159
863296773
282377520
460815753
937416454
380315033
1270079810
470877220
364144569
1539434971
1436916481
395020581
510370472
870486101
497318319
1445508586
473221091
312672763
1094317916
928095954
847724449
513534808
1187818629
1057730314
2269365743
1016724778
471738026
1228730470
871993733
2209434327
328191902
781533128
951410181
2433487948
664137698
937635498
1206236651
1522318737
1344253000
596411478
2542723689
1415627030
2306900698
240693389
64405901
815350284
784121322
973086229
649264722
425406426
1090345840
1750666861
340145579
993607373
454245118
631676444
1102597781
305095313
1073086399
418040592
472976834
837121350
904300898
280347046
893455234
513331265
1106715897
1185496731
419522223
493246021
871283848
741906719
1103622285
504097557
123216417
331223476
1215264250
840519611
958495178
563216430
435886782
2714181775
1922176333
826334155
1424887649
1475095436
350413486
526478060
759334848
2471745537
1135184614
1372350484
164355353
342529937
751243591
1140452951
384799005
14072051
1260762426
2397063467
593643467
2578824897
1614995146
