920057818
364265540
742313789
512859040
103628459
1295720854
178879748
849422209
875961725
250810979
626562808
535892127
1730170098
502022929
568059843
1241009394
411183663
928395471
845718465
120742863
327339991
1638362790
2016937730
290652225
436060237
2361064534
317849018
1771263004
781479378
1217720466
472279812
419505484
2087261590
641096518
277823914
605969144
784740411
2293688579
2836173067
1392193989
1547567510
804612962
763291093
1419809844
978604542
1341901428
564189695
1623113557
782779723
1525676308
2608719850
1225570285
625874132
506159872
782613272
1059328872
1003082438
745158356
953737525
1050554609
1079426329
865695778
1164781334
1282727466
674327628
810703416
414674857
1217450484
1193523658
771066102
1536154047
2751170674
1104788702
541628964
610864691
1039625427
244932597
470353069
