18-8-9
-2
70969612S
3181134T
-3
20933107U
251797V
17580846W
32305366X
Y
48284728Z
-4
80231571aa
93308258bb
110710894cc
120543912dd
173318671ee
-3
187062630ff
236533958gg
254511009hh
276374714ii
281718556jj
-4
282064916kk
282406119/ll

307796269mm
330998780nn
350121251oo
360733418pp
373904426qq
379746421rr
394361533ss
444399997tt
446125447uu
472608128vv
501332461ww
565582080xx
604692372yy
616196127zz
646351921
648988847
693475977
810930237
825370320
1375010716
1781585803
420266054
69283894
631253118
508671
53655553
424605846
16699411
493360304
95500907
464793443
827033689
1871312909
329493586
340009958
1613780443
1043054063
2374370271
568445601
7980419
32625645
530595095
978235354
475510754
39760023
76896489
380893588
1019956865
1450329967
905880425
724581155
86336714
568745126
348596004
1207002729
1005999407
2198782085
827663233
807253317
270319182
363069931
674688524
402155510
307255606
993756209
1965762319
1090974383
104784174
158332318
360754276
461824119
303643695
469125195
502165686
503134735
261002595
879436683
425921044
1178496376
340015674
904237037
1059239672
935573150
1791082085
290192464
274029634
343435699
398345382
1402758421
530380419
423535755
35158468
2803488907
1601564908
8910156
2505087102
929733117
1219400737
724723654
1114776236
465371792
352613806
764997539
419197206
635025132
31538265
529250496
425990047
364172132
804876291
617857059
843780561
602277147
85797213
992611585
312545215
869977633
624394512
178390086
124127396
963474902
309642718
297504009
545342977
21197581
1012405024
1124740289
514368192
370435000
1229013105
975925615
445402535
271300593
1067037127
405841361
819135236
465349732
547179917
137849898
449694636
790701592
478174729
15873797
875132745
302596712
335265685
282537336
648316949
844103410
531118166
331074980
29957396
1165131647
17689678
1550686547
762556050
85253544
3196650441
645334065
1042924990
317389149
492905149
1207328440
1245535886
1181304036
382460845
654336022
564549163
601839568
136745585
283602075
812985620
847857433
2622553669
329419314
