18-8-21
-1
B
1228387C
7565716D
12148659E
12460387F
13907114G
-2
20274852H
28996073I
32405973J
-3
43339426K
51486177L
55102296M
59513750N
-4
59654046/O
61990978P

65167950Q
66323682R
67180510S
79295389T
80096083U
80778625V
80795280W
83015739X
86638458Y
86946363Z
124707710
156657707
249557997
290652225
326119414
328218132
354517824
364883357
365349392
408385250
414324833
453073485
493247458
494218289
496699602
497118056
497249460
542129151
554230127
591548699
614930150
646869369
734288700
736820153
759293909
836165461
892658558
908069780
914929515
951177071
953463551
1085191897
1109558098
1131181761
1165032920
1371389852
1500649373
1755877259
154072335
25179535
26012034
281013752
187229543
350754777
604882378
57183716
22228186
2546533772
1317138012
2354594019
376103057
123132397
1012871178
173144551
20532465
24925685
228945075
120038934
17819810
896358863
7860552
811120691
13718991
535682240
529942495
439025532
7719596
353317436
448165405
393641366
2493777253
596471208
276844192
376003814
61454699
409399326
276431429
806144081
522707976
150075918
244977179
378963095
312662485
13831290
122214741
414610811
345513576
66056913
529903035
410293666
330525938
649565909
249512042
552768892
390303470
410946121
42688633
123555933
378511687
178198546
349152607
280429304
284854643
14345688
576179427
674821957
234284581
330741854
24984843
414848820
9290952
489426010
9572881
314686442
30443805
115098175
342117334
240587632
48058577
516511046
514368192
41681695
250684967
493971952
451593022
739168383
197994919
554342845
237654845
499078732
513357117
55902880
806747843
814750827
937488104
476455494
25989099
173157646
749162913
340031038
1220125257
841547058
643686330
84204362
568051250
2476487845
1490605760
874965593
280259803
1522431092
412104382
821420428
787824540
943001630
407967910
635798713
642777693
23955493
707565631
812913072
776398357
1373502102
48742336
1123711327
