137000435
12802166
8807820
315192063
156919952
309642718
119309081
420361495
348783582
1134864906
1055890188
364219170
39485572
420266054
275896465
1124740289
545342977
919156005
412235852
542635757
478029417
1402758421
897645527
1453754305
362555229
1016173234
56540975
272354396
605821548
397826740
1002567392
2817926631
151414197
402382336
937490702
976322490
919631784
475264293
905880425
531567045
654162646
409870617
1002301662
814033024
779785049
2263651382
947103838
345699605
1003489241
838277198
283602075
