19-1-2

625157010
309642718
113236579
19475312
727988816
7742053
309307177
719151750
315192063
1229013105
1310466364
340362693
478873349
847474045
1125098894
1107612214
793855717
764872082
635435143
1303062189
877200840
283494287
420361495
690171020
156881231
1278170658
352477354
4102618
504763464
2930582565
1163629567
553497927
1198824207
290722587
4084004
2220138431
416217868
31807952
1040248658
378308462
654208870
465116679
328147635
17827091
534890882
1660998164
10172229
511232253
1246026060
770340469
277100922
277100922
6882568
1187350440
343583253
506975948
820527952
453650156
460888600
421210685
754436108
13616585
1040809227
657647695
757064945
55353607
519518620
327768720
422062147
750719373
5803707
18683562566
507760449
68236161
451937069
1193150485
793996342
1547179908
413492484
1063424422
1141959485
983740769
576428834
971694238
33982899
1520493328
648974382
