19-2-28
-4
23955493a
b
66323682c
312662485d
-1
378963095f
407816983e
g
472650732h
407967910i
1193581161j
-2
540327390k
1037393090/l
1073079945m
363441856n
625791593o
-3
934001560p
178879748q
1005096343r
806432676s
t
-1
27045899u
526743639v
1342154363w
-2
512859040x
820116926z
943001630y
-3
654340375
476455494
305104530
1135364434
495348196
250805217
249513919
280259803
408362989
954932402
1154141173
605837369
504677686
951871900
413071521
364265540
292241146
1244346262
1004632749
773503702
1069585913
466234441
707284758
1530162723
511236954
1847705584
327121585
626562808
290714348
403694414
514095337
617120744
1151039200
2542151154
523693034
1638362790
727704156
502495815
419505484
865695778
827319650
436060237
1554217961
510174848
506732391
793996342
562384636
1295720854
849422209
574784418
934057919
903174938
2367070214
410470900
510221175
1056835366
932805497
1963517234
502022929
460888600
1103796706
1490605760
987549249
349632547
523995153
920057818
1204057979
286552961
570277
908272253
1040278546
351279155
341125423
1498491279
406011050
593465659
420302831
317696081
742313789
865522969
276806076
942953842
493959470
2423433491
405264390
704978634
1074110240
1195746466
279076329
1924502008
1373849918
562155892
827366027
103628459
948439498
641096518
2282707643
1435374216
1464009923
2647465776
527600511
1241009394
501734703
344410566
1532044182
463204255
415402020
415402020
529942495
36124870
1311884007
415777437
384619022
2647681055
1085053527
806199572
2463222878
2495605722
1225570285
784740411
2421408820
871076826
965528761
3081450362
1003082438
2357084588
369521286
1580732617
1767184488
441670418
592247760
654407188
597746504
375899562
1282652699
114738402
405107934
1115890963
573205373
996632788
770384391
1521330993
1730170098
1397348401
1779071439
1078666310
448500039
845718465
464903751
329318136
303512404
875961725
972866953
327374213
327470892
568059843
357429969
1042520312
924074134
1035702746
1449060971
644551880
327339991
290652225
2836173067
1123968181
2608719850
51536087
1187514641
825715022
1217720466
609833664
464507227
1392193989
735799109
605969144
958804729
2087261590
781479378
592041035
506159872
374502413
441661747
1339062538
531923970
1074048943
806891633
826868536
751011519
928201302
2927686124
1716392219
1050272026
378626947
792800415
764389785
1300174477
532655994
472279812
599029449
956565302
188320922
2502612104
317849018
496272019
978604542
532014070
344655604
704091543
1256936158
2016937730
502603649
1005137874
165520128
2458309491
1217450484
821946673
1309980248
1246177834
504077281
1047018170
1437486000
375281741
624895739
542416335
605783317
937035685
1208090456
599559062
554709735
1287660531
408677180
414674857
2505128300
1409055400
1034206777
470353069
864929378
1104788702
573640736
244932597
1059311783
947534057
120742863
1373468314
517719059
736919696
