18-8-20
-1
515307787a
931650020b
616880927c
719151750d
95554411e
-2
445233584f
1245089602g
420361495h
403953697i
362910983j
-3
38328240/l
593219910m
785239482n
365541740o
1187350440k
-4
814462380p
q
821420428r
574472427s
928336757t
157314588u

244368874v
545894969w
1213437611x
751282759y
1176676523z
297437076
297437076
448520296
1276515942
435751815
121615499
475606167
29473872
1020343952
1035898488
523312857
412290356
303138097
453650156
348182990
826250763
302505123
1023469769
363441856
894605827
704978634
1090905635
765769320
992768369
935618953
1220957038
657346784
1033214965
417954419
1509363200
562661838
164778753
121582506
237654845
848655765
1522380627
492434190
121834719
453289368
583407839
1522316312
1403786850
578417939
1466853756
1203383220
58317801
1021013922
522624169
834571802
757064945
1510491537
1028814066
125949073
1026188450
458282030
2595738432
2625013122
4620605
523105814
345049032
564435971
436060237
1035724734
378511687
290804662
751868301
156881231
352428266
1069943658
125647496
272334668
812903560
453605554
542475339
236669303
834270351
1172071629
465001343
596378790
342117334
272886584
865695778
283494287
407497468
290264090
941245194
353942415
511819292
820527952
344526120
960801419
511232253
570277
1872150596
498688793
349632547
280954685
68236161
1033431926
652623207
986354736
1163810635
623114085
244104295
519797252
294571961
825322662
297339554
971694238
1003147910
993578183
707500195
1039801191
1015467336
1085128329
841667457
307196131
393983062
1050709592
328811394
525526219
454167545
1772748503
154762995
809405000
115096579
810691958
416374977
284208569
953180343
962336974
941170806
839092817
980571939
1303133952
969786940
522564711
378872333
1004050784
759914923
352281871
2808878554
112191029
471496771
1161329872
1245451840
971625879
609759074
365265590
2568284804
913710081
6744710
1328121730
896248379
812582896
546036872
674008258
2494090789
258736000
649401236
602658349
806651056
1547179908
782880812
793996342
273488359
462910647
443469335
625207611
1753603109
575581463
444716232
369232709
724999175
357183260
543140900
358428456
909515853
714994681
375572059
395443984
1059383242
39489530
535491580
1491990570
1351659142
1295381947
925675340
122214741
541718704
190352893
1039377998
1208188685
470454945
1206909855
409275212
448500039
494124336
409263447
1036885441
2314927533
519518620
304811949
1062181128
540475371
774017572
1216547860
1937486904
1763769939
583257524
403638734
935316823
1017412478
1967901475
1179285197
626512721
360702777
958886996
2809694437
258642979
302752365
157472426
416601287
183014585
1498373471
934823659
460888600
395149408
289036884
179300337
892910276
754245185
303344966
463204255
503804879
1192654568
527343541
492385233
516108798
464507227
568878729
1692434851
1586258353
565199862
57572337
517127706
83865840
463390765
244605305
1436496598
429608100
1433140490
281355926
1453621362
756016555
1449060971
949537928
236161656
1164649475
1790488376
1215841836
1135180148
2283336960
525702193
771341194
2570563951
1123490138
43608182
53596025
1315502360
751303913
1139034490
377435514
814750827
928825011
493346545
676867797
1107259222
983740769
1130922996
1296658503
593177650
1441536702
93407398
308586934
424463870
614902146
230968938
937488104
1101876091
1126082075
1532044182
444525394
583264130
1791176913
1179061298
921790747
965967939
1825719833
565185309
381286932
351401472
459819804
505230581
493959470
1195746466
63749992
1468293949
1031351430
617381606
1144077910
873154588
469125195
2581715118
349863154
546840381
1778818968
290325239
826996519
592247760
4880993
1092074734
24054723
1035791950
956871313
741645099
294787838
314824540
494600598
821495638
1409055400
1043595026
827366027
2277313412
469042908
2462910431
759446930
541770856
375350654
671239087
401385503
542796083
2351596675
805976405
972592503
827319650
1976455995
455806446
1105063469
786711107
790953316
2350371427
291323646
1025114000
654662981
1010378856
37872419
252317913
805720556
1101055586
857621465
515651591
523995153
469197617
1114643668
1005856157
81746921
1317077800
1217329550
562549221
504226866
564845441
782933514
924143869
752266924
412456830
395054609
562881727
2803367266
1353781922
1063557621
577237189
474218202
136745585
844258613
407313554
1097189153
1244054667
1425711353
364219170
575970450
948439498
905500701
1051175093
362851169
171739579
453878385
1045100548
383416495
523427397
594442930
841873195
2622553669
1584650647
1148873782
1768027821
1164850460
472916896
1208488006
1073079945
475262384
849638461
1226467894
569829676
513357117
710805324
568217300
877200840
617220647
273584492
394973523
1013164824
1129066847
1547183946
453499723
393225495
1450137976
601983522
1193150485
954265839
1440873394
287266912
2353079959
1329161324
790642771
764520261
812569204
2455589312
1260208349
739514285
1762637974
1015062445
718527585
504333258
1045524446
523693034
845370705
993303365
2505617007
648991978
1251014742
826961148
2823637284
405384000
760428098
315268428
412544536
984896728
331005697
284559087
2276370517
870304402
