19-4-2
-3
348783582C
308992032D
949189109E
-4
F
764950521G
846781945H
1005013478J

19-4-11
-1
K
951822677L
1716272119N
54260974M
-2
115413266/O
1016173234P
7742053Q
-3
R
1342154363S
420361495T
408964110U
-4
37241287V
925206261W
42952387X
-1
1039227506Z
593042376Y
A
-2
751282759B
41498455C
736139854D
-3
139777E
435983607F
845217284G
-4
1009654005H
515307787I
827018614J
-1
1171265308a
672092965b
171925816c
-2
927741041d
785239482e
929502710f
-3
1017793179g
294066651h
1449762187i
-4
1010483528j
k
414283470l

19-4-12
-1
1028796139/m
191392515n
490684921o
-2
1172071629p
1143590418q
472916896r
-3
495149961s
523312857t
1025053335u
-4
975791842v
173877810w
466794605x
-1
534527350y
653205166z
258524252a
-2
414696498b
736217406c
1466853756d
-3
1549177549e
f
759914923g
1432630094h
-4
11303748i
571468312j
494514838k
-1
408090048/l
1390700132A
472501344B
-2
458282030C
30237780D
281161583E
-3
491121038F
931650020G
1245089602H
-4
1126082075I
478873349J
754436108K

350210481L
287317573M
1027685892N
376436167/O
372789829P
2226580900Q
2570563951R
1411401985S
308196616T
1027413904U
249529952V
303138097W
173318671X
1003016119Y
535491580Z
957664720
348973054
362910983
578229374
956271477
250707361
250707361
352281871
1033193281
891912585
327730473
522624169
1028814066
775783428
502153826
823653609
592243160
634836479
646419899
522564711
373020277
704958332
451830016
764872082
392485595
1103325542
39489530
814462380
297339554
616880927
623292246
1246893311
409275212
358595766
1032489520
1090905635
986354736
95554411
49429553
574472427
1135071910
1311037026
570340618
1171761739
1522380627
357433312
287746294
562661838
504130762
1107597017
865049530
850250907
513368394
26510701
443759664
854236975
164894462
124592024
455179304
913675735
1176676523
460888600
38649434
511819292
1098208951
1509363200
710331393
804876291
1276515942
760633805
183193994
568217300
443661775
412290356
1604955354
592421341
449387192
360702777
583407839
503314561
923523371
834460490
244104295
841450676
717672934
565199862
261026886
1507301862
492003829
254786933
1536428772
693083340
244605305
1010205939
1842525791
286552961
809405000
1026188450
528982948
31807952
425439893
1459675704
1085128329
819192733
949597687
276995810
37029192
407313554
489071682
445233584
525526219
465001343
651486629
595635383
565961491
1161329872
1074736705
469691280
972395019
18335939
2547775878
377439230
773770248
1046506323
1033214965
1548836407
475606167
834571802
403638734
471751695
371884226
1352710657
137000435
547154345
969738177
280873086
937490702
995132754
343583253
76379800
89075220
603239601
798052537
519518620
381286932
121880743
283084764
121834719
418773274
934455394
1069943658
179300337
454297209
23039030
718972627
765769320
1246178013
1246178013
297437076
297437076
1044326195
934057919
564533486
417954419
452248213
1039062303
1098971945
403953697
529560541
363441856
648748842
779015101
821495638
751839100
986189119
348182990
308586934
2473669772
710374993
540399642
531016481
13364201
332639860
877200840
1527200939
352300890
408760989
434421546
408677180
748026031
475719153
154762995
1156002713
269371698
522090900
81128031
302505123
237402848
623441960
871535512
1532003241
727569251
941170806
492385233
619332897
875393470
236669303
451937069
58317801
969786940
976322490
1123490138
1097324519
493346545
895101787
958886996
1872150596
1428254012
784243461
654504559
397383806
1021013922
1515857306
1057563413
693622982
552032965
1276863349
572124306
573174022
754488032
1012930554
1193150485
757897283
616810420
896971793
1163810635
1274980393
249645319
236551912
774017572
173118018
289362300
575581463
1451340010
815061022
492434190
1303133952
810691958
352009499
1515208632
826202491
2220138431
415968377
2496275364
471076385
372441939
495210057
583411416
282720071
894605827
1020343952
1436496598
1763769939
609759074
344526120
971694238
410127242
825823039
839092817
714669936
317190026
592997756
463390765
745692520
1459268522
1179285197
1462342987
1337071013
1058081409
1028228941
2808878554
1512016571
584664525
183014585
63583064
523943716
892956551
1448944361
303344966
1249418917
1547179908
525702193
516108798
228600980
449589996
1220957038
971625879
537554116
244368874
671239087
283375596
2494090789
779607256
416601287
32684014
626512721
57572337
1062181128
1039377998
1296658503
1481344800
429268557
564435971
515651591
2546774637
153891975
619364453
1654466033
1754112170
1141959485
424463870
1185446802
844258613
857021967
2251546092
897314406
2335843289
392177693
350755943
462910647
513437495
1284993105
302752365
1434475356
157472426
2689671112
35213499
774823635
2929822983
1059246245
1327552483
271961050
1028701318
395149408
546934187
503804879
892910276
1294580275
550921405
961573085
564845441
641238979
327470892
11784456
2287626070
545883699
1481490010
1247917412
354286391
1104118003
779871672
779871672
983740769
357376568
982746796
81746921
444525394
1070259574
757064945
1061336366
437792369
584879562
1427893986
254216105
1015467336
314536375
1004050784
313622461
735682327
1586258353
543140900
1937486904
290325239
740342558
469042908
304811949
1013164824
928140573
1468293949
476825891
451188923
504093991
516337680
1511761539
1778818968
759446930
1976455995
361676145
4880993
905500701
554709735
1810749117
50103071
314824540
411749297
188896684
2907784459
2350371427
1129796817
1095306301
281355926
375350654
1129066847
37872419
1426305602
1010378856
361812351
972592503
841873195
1950809620
1061605134
425921044
2350097337
474218202
394505554
826586218
545550539
377435514
1217329550
3240569734
550921998
924143869
605163008
441731714
1317077800
542532675
1425711353
1206909855
351676262
541339879
1328121730
390422209
583941370
793400409
407976092
291323646
652623207
939590330
358234345
93331760
454167545
335265685
165281833
24054723
23509048
912270620
992522951
104899695
805976405
617220647
735008122
372015414
582911156
751782582
6744710
354097436
2763137359
793103912
335311031
467924829
782933514
1790878917
99881613
1442519925
597932209
814492767
494600598
1273781050
1942438953
541202807
9900146
1042824667
944530047
1045100548
767736001
2711492384
1126046656
1582342692
573804236
724999175
494247112
5756021
277891271
987441479
278512669
493981854
648991978
616756156
251647317
453437051
1025114000
84482944
328811394
190352893
403461285
364757301
284107354
404076940
498688793
1063557621
1834627457
642192587
1256061597
549985575
594031380
505230581
790642771
285289013
285587277
2367995571
410960600
276657642
1002493093
709215351
39130727
45125146
542290366
360617871
401962678
602658349
2223619042
446246001
278453512
476179800
742040318
1054669904
550298001
1656584181
121158277
867989488
1105195788
77868808
237075929
178298194
676238423
616822952
809801556
26567676
634694906
769126978
805336450
1135180148
284559087
377521609
252730696
519804766
1508241914
1549736081
981760653
814660661
