357207304
2539351760
25226103
39545319
51371770
53655553
68741136
117557095
173410366
272156114
290264090
313413100
313430615
314647292
347917841
353637730
365984177
395048121
498815863
595621529
646739556
769602954
776385671
815349194
905880425
1156178066
1195812375
604937991
504925028
95500907
52403948
464817303
360638619
16753482
249877354
170254182
597233285
732706188
317318969
1374442784
123315971
30237780
384731024
714289842
345765844
1187299856
1035907113
793041071
48750800
627830181
514368192
370435000
137967411
1138335916
947103838
645334065
414454373
419907714
921790747
815536933
171739579
