13383207
546502873
623477862
905817697
381104519
105682931
1906689344
75962594
406303266
550694734
2674918171
40591596
29751877
635505249
596218925
24274159
395271829
462192195
804992739
1595707097
18030392
7035840
344901606
2537208717
1843937960
445052951
508514138
1378233037
183990649
27670208
574238803
340684611
41314619
825435309
421237209
34256531
747299794
408777515
1664166798
21209269
176102115
1045221725
1002056191
840601831
26655666
744036578
445615307
14129465
28721089
1546901544
65938893
466167252
757331525
543703715
543603938
309338052
1030847160
16838426
172430932
