1061647994
1016258702
402031184
171233199
6182097
531980722
576494652
8993328
1176797750
372864034
254743666
523608886
277433307
892254001
497234068
404285850
982158684
516480772
252777539
826606591
463278492
64689756
244937771
452735616
332530935
278449504
337241096
168233653
1396118162
1056394440
644570783
302683974
763131548
149144040
2858388751
987155928
574956552
1226285290
247190472
522920965
1025777393
1807345786
1174864532
719268484
673921183
820326532
452508943
746401952
154385029
729544843
792616512
407905919
290712599
781981025
626564394
340220440
604360895
610778270
809011563
719825921
691501729
