18-9-15
-3
243737531hh
471041477ii
524482706jj
-4
659547846kk
283570308/ll
278309462mm
975754129nn
287383484oo

569998051pp
65020617qq
13794130rr
1019897458ss
1204078966tt
1048487730uu
119986716vv
547580618ww
947404171zz
824222635xx
958898062yy
673067007
825573004
1140283123
403848966
343620039
55443025
673210015
630439127
464883107
82136193
307854000
29225771
415103146
461181170
394466479
401400881
841203529
930183966
763852658
303527607
1044465828
582697829
331901867
543550620
578101832
314433545
1547298232
331604427
1304207409
124078306
491657381
645085571
453624572
78012071
21494395
531279996
110332322
277260474
258255219
1136880260
772722952
49560821
836685317
730173163
690864570
179092392
290819951
965481280
185796165
461042768
416016186
247639903
81129597
759375746
1270766537
676985307
457266900
303720861
287861391
1009156911
513153150
151696774
13637472617
1572611204
935829061
305079076
112443430
794218231
287097782
1018309783
21336662
306624965
21576320
364092908
411106625
522982920
502844920
38737446
107241879
344792164
169124889
617474244
786617323
215405677
748177396
2870133358
1419832872
283371927
152546612
165431124
2440754050
1835984315
254801334
719443329
148324929
421370391
273350799
15056284
1328691646
170130844
82279457
278281638
59785559
18687784
864555952
77881625
278353780
316508211
252742596
838919746
476670702
398380797
59119378
85695140
394526840
3517384
328112689
937278575
517665362
568141339
312870442
821994603
87346289
1452284803
10180757
99790382
463027311
376984973
13288388019
727735120
595244614
23536314
417967201
513037483
64987824
104253492
852813559
346851572
99722395
2715077299
513832488
878897460
737887908
258138399
380404191
77652100
380654779
9147001
9147001
419594476
155375196
448041006
594094742
1138720750
66073036
81552706
805928299
1461476763
36931726
29268395
