398652866
2364438779
450410455
850198155
752796216
549485122
87408370
1424896934
545963473
330867392
113848193
2584779171
1427507023
364200254
1079741855
2372887119
103389362
984136322
2536934736
349227624
56133045
260622268
114515564
762323739
417489627
1754946521
88523161
8869860
852949295
380111851
215503754
360787369
574599651
1261290953
67919054
23694349
1150040567
26213320
2271821358
710788488
582988123
155357870
1659272304
641367800
1026086977
342702860
83882254
604673206
729088931
47354756
42639219
1121713669
413042139
420575598
350712761
1293900366
673159930
33542537
605012203
469902964
121147318
1252104156
410511515
45934710
21161019
276292450
85848350
348671323
515662864
2063491502
513223727
252709487
1062391850
649859094
99293435
175060537
155200184
147303772
32409364
43911699
1042351210
103307339
471408802
458937452
522767297
270122054
364922704
531443673
835983167
1021080005
371288217
964166059
407570298
928855846
317455214
724399440
108363047
854309682
924155806
260019435
12130602
276317266
410003485
278670170
274793470
86255629
354799080
272503791
279254224
237699362
237760538
754696528
234338191
359627186
931649993
764689847
2548555497
117526929
175044289
176410602
472266759
752044904
262623114
490367189
474422021
44777920
956985809
710368717
888888
499363843
246053586
1329557080
1239873823
451934285
408862451
1325073055
903910211
476149660
476149660
361966417
361966417
387851354
364902513
1113578244
1078077254
953586149
948920270
286068616
947343812
1016564452
945736394
310897595
382890376
1437546057
1223128212
283318293
1223996047
2486536081
1067532076
780777
175165674
524662603
1258008793
287384671
348793338
603833939
282096295
1452957875
564628657
95330793
956973023
247581930
597900654
290657306
345643954
1240575548
149308965
46716155
272833784
498820715
55796884
1216834667
459360302
409584632
21897973
921552985
398413299
171344923
2227870593
39382724
271742733
793807086
445723744
514201712
904086824
1281361790
374301279
537039405
515095448
468479542
515260583
549055549
240249895
181986636
591257094
86274780
82380475
582579668
706580698
1192977662
502840406
875059336
319830494
278054635
991742339
1146627189
1437152596
893146884
570786295
394228845
1126454350
425436058
379714309
2926027367
1021271437
1612029455
820985646
1650030316
760176198
727529604
