26963570
401556112
981453905
1984275806
535482900
2965425
16748145
34335978
39501170
106088104
173491120
183652677
190261340
273679450
15304316671
274496859
389557358
392491401
434295860
493283757
504729307
530750537
545533029
784083862
939794750
954117660
963239220
1040923120
1041952121
1072788683
1169390965
1248227397
1344134940
1440534702
1476606861
1531296821
1820141773
1920053362
384995561
2541849975
1725767715
114697115
112812307
2509109065
154381058
909896414
273384968
382587995
631184513
534864015
56707181
88540048
317723922
373724124
1541681499
153206853
675788058
550120250
251105815
1350333787
