# rcby937872403
302973781
602209371
195671368
271482719
2603853615
1258257839
290210840
530310912
136796754
860554071
402775612
1641536480
780044697
493386959
362509424
89797191
40084968
123760045
53001069
110636713
12717745
120644527
22225598
24996921
352082278
310225762
45449053
51864118
172822071
147824880
1009290122
294062278
524932929
81530965
178155875
77890711
110353622
1247978487
329863150
247769589
584851115
12560408
54517694
2472507354
35136598
1770140451
644478164
540898478
951892855
33887443
549659476
305537432
196257427
371893186
64350243
1103890458
282484377
279013968
1452957875
121087696
372269084
123883089
1213864856
2529924039
1139035590
16986568
41386516
1174610126
1124336580
67945323
2447949142
735194785
836348311
1004798861
826540409
94033656
147175350
362903329
857482543
