#524556623
1263910930
1402243215
572895669
280688417
779800945
106754913
363318144
24125220
121531607
1169197098
25207658
444300295
1982653787
59941322
544928957
40425662
32871541
413194437
21103756
1261133017
1805642265
330355199
137488130
80238931
444722698
972216135
530418522
1298630021
844954496
348012547
271790611
1640331018
2239238786
1362905117
523371675
1470993367
527725932
923362753
517970955
48257421
1072033474
342538924
306861347
277302432
330881695
180731434
469905141
809724783
492762291
10690874
315002872
43000283
2445364379
591861502
443299610
2690247686
2334690798
834882315
421260987
346064370
2855928554
2484779339
1109856135
65353305
1755251613
471035319
30757829
805715275
540210440
280624869
2311803814
7247393
37890915
2392276550
195531936
2241015726
676204783
70072557
553234766
415587824
344643928
763456031
11635564
457536122
19231834
1483380144
12017017
1544832873
457609055
457089172
35099307
290161911
939040906
985293667
148055404
1345664371
361365055
95257248
601047017
64325316
34839263
404606147
417917887
23795521
411760186
630845890
1934128828
1726438602
393453418
1692576243
2664371463
120658077
30169984
85714585
81249903
337179580
64229943
52050327
234046409
26210956
1035988108
45462720
693930915
51065592
12788039
30621708
471932862
978965912
1509545442
719642694
86615528
279595424
752571988
1578078495
504798609
64201956
112979408
1029674864
554523729
114595036
605858090
23237842
1431018192
914174364
413465046
1255955130
41086306
378778068
457583847
38383236
281197429
47088870
190821918
117102631
30691472
493644864
278342009
799375711
1827340188
2066548
1026106219
10877339
3106357869
373719086
497625078
64754146
371580521
251343345
2014020939
1045108591
2223712003
2447295711
787059902
1290793265
153199223
24827584
519431675
77138829
3027667221
467063531
53467496
281642428
805137949
892951375
2922283878
692666071
15899262
2598990130
39535844
273142085
410789672
410789672
40258061
2777460385
2386126643
501322010
383773657
1321123749
8631550
837650712
923816866
125638003
539827217
56506075
504374056
3273557376
2829755427
1105509837
2459040621
78580127
553775284
68687095
376562008
601237381
350239591
1247190873
245301974
984638678
1315579847
1216974597
77050957
513896180
14722440
401103751
794082847
1969863327
23237003
2406632788
763647611
784969590
43986511
460105777
1174740682
34657989
793028177
1712036168
29184579
1160568423
437170925
2816222643
275455231
3180503891
18958965
64638791
1653365326
543964032
542778291
1494648685
879888353
553017340
553017340
672434473
106942878
835737041
592519053
