4426694
20164644
42684651
64895202
124708850
158426991
195171723
282268570
396725820
416599814
472323918
494731096
504137043
573425330
623916670
717610553
744415873
757254763
798558296
814220617
925350279
1119576501
1185225753
1479217922
1491995460
2240596550
2630518441
59566503
1910006889
1791627979
107178265
626905655
1263439970
510559973
410219706
1759005206
1833102765
1030964249
187197427
382372549
183757906
1158386921
715532502
147446209
1176873289
7742053
1613747094
2102597185
2487330631
87927074
3960881
1160082546
183777429
330720496
57063745
25737676
2839893608
30008370
983813588
529016822
520180332
122730379
99576063
154506283
93833780
1304178049
1304178049
190413711
373719086
2822482787
3131358557
1984129507
137884273
70092646
1497680875
113105142
545479536
827786940
1350030616
403793577
53491530
503714421
2840979226
1974025866
2283316867
64445312
3012975101
3383224690
1426254187
954306682
524394883
2201442643
68068364
3391085937
315432208
2477466556
670387075
792999086
1322039640
597916275
297088257
33796208
1426439190
1169060411
529081576
2516074916
762233808
1119451843
799273649
672055828
158644557
417217360
247625923
349999139
645346111
1440967607
849399985
604641573
375147111
84188189
71900005
330181918
124413318
395486445
3429176848
1174706915
513549665
1850571621
346650985
471018565
1518570874
956973023
1841653543
1450960160
3331798581
1024915550
112528866
468479542
3286218412
352472934
1959746301
 
