68599540
371139484
379462334
185540790
371717481
13840919295
154647541
13879563600
160269524
2297762476
464413974
1183732282
973234730
474385414
909460321
27847234
645793899
3034141
2310849627
1248366199
664507288
67239971
584773121
983319150
474340509
75477534
404159278
870163088
476131224
748441300
280836204
746221873
1872327179
563308511
1064087940
41909893
602892154
467825715
14949424
595908532
1217009248
1057273428
912869866
2286838006
381844255
87021680
1409522597
572659938
2212225137
1303408643
2388707828
498470480
957394017
369118709
1455548317
1611449338
804449948
1098784968
285326051
1391340937
1807914662
798480522
1332720183
147725195
277498543
12866128
1531653063
4419973
584405262
414013200
23365821
309871293
1182906050
610350554
511963211
