434339550
2425086475
162107676
1075704149
164430477
863003543
372160185
1050737920
443869628
407022479
1262571023
1642811087
307197569
453745734
1491049284
532027287
532027287
294434652
455435540
879954819
761267904
1445894772
1534429983
893166558
97272463
596464261
1134096002
493498114
614122806
1099670109
122137193
550782630
393960690
1214856219
505597067
437760426
1195924871
739177250
361624837
721767392
272034203
1561110384
993954347
1037915715
1026750065
326001707
364755551
1798227333
447481836
1091154040
1728887911
869970535
1321966182
389514970
1178907389
912121327
947278819
240350477
87544822
664528003
373005774
915431468
429898443
624247509
1093475982
547300251
2272687144
1453407428
506659625
1019795340
761044737
362311703
591067282
1243442453
928729665
570418158
845301866
944143397
1402687418
1584129398
1017058524
1762422316
272291483
502068049
303473188
2949009836
798516815
820931497
1036704972
1105477542
565632809
364353272
2508658674
476862937
1350059245
2457733475
986282292
897751658
2462233560
2993408700
372597341
382342123
1872024065
932935362
1229018789
1426984250
617275819
1538542030
793957259
962756768
2581745816
29282364
807990458
1044299847
939715247
369667242
769109929
1462204964
1054881352
1061662114
1049051881
1391222181
1529554829
844024532
1083086037
986218971
1649167696
306599894
85765927
1185220943
892964471
931792696
891952650
547959002
573641723
592492762
1140293409
1249595771
