626945477
396871661
34101828
75323911
516004679
282938579
93665230
451668104
253792637
303294278
350817494
147611264
553122891
303942517
472978842
1172557539
1258800434
178833828
280975094
869392947
771295612
598303404
493281653
976813985
1039359711
2011727518
438304468
709694274
494447563
376733131
350302890
23953412
329158594
893149382
175203124
273456015
429720049
724169586
896741880
1396565748
1481279719
495662508
1287210972
7865952
2646675724
413031671
116400388
2109663372
986039401
2922843522
583582397
1544754185
305388241
649291267
453791005
593453037
397144409
865039306
1054264399
1160968894
281293663
375281987
1031838815
284914286
21251030
605215063
331383952
623612869
254722698
932140714
1120708377
50797497
78897474
287569017
396785653
512392281
185255018
244021568
228892092
272234075
763738588
244598035
651375654
290491273
865382794
1716543666
404357986
404954426
215619860
878261658
1101243656
1442368820
2420721659
815949822
1207528547
343303031
934928197
252987153
83438794
532435580
56543180
358462968
269812132
277494968
415809567
369989357
514681492
356336346
591299689
1621585747
5670207
5670207
1508482546
281575884
306585798
534365200
2580844877
397236515
912539001
460709595
291583094
