1712272672
40700249
694684904
294426443
251746951
274814959
598040772
530707582
651150663
296166482
5845348
119871190
472869983
114663386
657601827
313240291
403023970
476725169
1325609568
429094335
258548291
47440311
517541595
513469612
420608346
1574451821
3745226
2229210801
15398810
709484309
65869617
334135065
115796964
1946203183
872629405
179817283
278321487
407036174
364785812
23938582
358036573
1218767975
315813618
249825153
94637552
499827052
1497327143
51961362
469946509
916548898
1342844619
1455691312
475842983
377839459
181539355
56354265
33956313
490952564
527246139
2641507873
273523789
58237626
53113653
540914843
504818354
574960411
2493205906
95429496
381048864
316046186
330525596
6094627
2982347934
616948950
275985631
403892396
254803087
2087610058
1034702548
736885754
119892290
272048421
8300775
381705138
459974865
280096012
425382102
408754263
627819677
78863369
1274035445
154815928
1274625557
8348767
769475311
383505965
34767062
873712546
497483447
1227975576
799681335
568490932
2669504830
644044912
295333614
592842106
963278861
517408437
287977878
978969429
75905343
1986514838
443843117
496324201
34032243
251776594
1582574387
574964020
402697510
53008836
1337585929
981139823
610180105
10455484
505541055
41011624
1290255503
792703032
1403217045
534498173
24261598
251735322
609211961
987510249
826138144
326452826
394076637
407629436
673909816
540198776
873938042
372514665
1207042529
522265139
251432061
37425330
354345658
526116308
36906489
910878760
247507798
843343934
709559700
68088047
284597989
549173019
354032173
625004434
984303137
423446180
1137344314
314727270
654382188
583045042
867651645
376970253
37452757
51316939
309410742
296399145
68201966
1448008434
1258877641
1582281142
1191251983
921236441
1060753267
316549282
1102456530
361388655
1508072581
991249189
1548632589
1065037709
399371413
21217305
1070635644
706941592
1127467268
356174260
976148334
244918890
2237828963
865493011
376860965
181543936
1178222470
982773710
214668845
1184435956
