604052422
1137455491
715049946
867752773
19621450
2447177551
41482510
344566878
270430430
1427857775
317837434
736667826
471463727
515571017
335667554
1032696654
494140561
948021414
94016052
1150105960
1107971446
2629696082
1585380357
1774847368
1254657445
57789135
921919100
351460785
986805398
693157138
425665918
1037687377
985595759
1563113271
535038508
851085483
405434427
36452744
739194029
413749298
1239637107
848011684
799950072
1140893973
479932920
709591026
1965003465
1509210691
877712084
1356991261
348911708
1175635148
363585415
625183158
894968030
603455643
450518571
1205855460
1196412751
787351768
646369001
76846577
928379722
281386823
464272694
919834634
1787574496
695788272
864691564
871159801
350791746
1009698948
1759718845
408129265
1615495736
1003254075
595090348
1065082037
839064461
2362884423
596752999
79553095
247047625
357763484
2295158817
479681208
994754318
703143910
605076943
1129365322
273732492
2448459880
285319636
549139580
834785199
442851684
2733980977
645278209
845116070
578856985
790390691
364100338
821586994
670134077
755565201
525314632
114798718
724362243
860839894
1074928779
2280766218
1587248543
1969165501
330702225
1502627832
857552119
2393165287
171788414
1282276160
867277009
1329170601
490278045
515612205
634689223
1037785428
932609168
329400402
441289099
424029226
676583136
526193152
1057238932
499283157
851431632
250926716
289852851
928910886
1163504487
852936851
974820591
932479565
1728600705
1025131438
1337130293
2622013166
940511035
1396545619
694961506
727459349
1013128281
760164604
449168962
845859508
1962740792
2867783786
395766739
1414440896
499175130
406789916
545479264
326486614
814686602
1085940690
577615076
577615076
342485820
1141895438
1213436762
254751389
841271602
306402948
1967148942
1075408329
1447936922
676889707
441840950
290654880
568262100
1162392039
78436802
314808880
601636301
1932669980
405311849
1058254417
1901494369
780008594
985411120
190768210
465921800
745725115
1029763970
1979220345
173860086
303801169
1711021505
1114022991
570785585
408753991
1462740686
1301318220
592451909
2508436366
1269314052
610998825
1033286342
814491973
1115110873
604137185
270199819
409991623
2629275389
1224553855
958687564
172680177
1020067748
897925852
136676147
2574503950
305990678
332979482
1043546254
408058475
894586356
752559928
451440784
911919700
1124571176
1193828004
1349533289
287793910
1518805369
769971573
552302777
609448785
774032639
602199138
813748962
920387339
2451292448
1576520349
841842629
904126377
1468610015
704493439
492839709
824702569
179438786
897780904
893947456
715635381
576984854
864463029
906859620
707359124
892481948
1476162274
1248706357
360001950
1178380121
245818086
919861787
403627437
1554207452
499098028
1559212634
814479072
1599970858
987230682
1062911539
623353543
1264201648
577255220
805645632
860637631
1260860174
532882724
529245768
1351348205
1323853182
1510372754
1072853467
527654118
532642461
646346288
56580356
786823855
316374244
