75977339
493429357
357202817
516819011
451120694
17100382
925238553
82540108
121126387
332863152
1942440648
85951345
894135159
492263898
2280196671
2212894547
542113067
1945609946
997693363
450891437
147683124
228283943
419328574
75561219
1366630916
394280633
1198785679
359530054
360508316
2595839983
66020361
1538124900
1065361900
897231458
805855244
1329998248
200703042
5729422
2192822131
1424896934
171721291
2426431296
331831735
1543209112
294916925
369389006
406978148
786122894
41098198
785947076
47987813
360212194
444839226
515565047
2196845878
286962946
1242034019
53557233
744651889
805792093
1553531088
414427962
408872426
2564428353
89545009
149678497
1978600545
254970076
394227433
