18-9-27
-2
790030272KK
382818934LL
24794498MM
498904246NN
1500063411OO
-3
413365738PP
2371060372QQ
2515076560RR
365027246SS
1530621799TT
-4
984215365UU
285965467VV
463206526WW
790392416XX
2783489017YY
1622839324ZZ

875296605
594359865
874291411
419393509
261051296
975083326
405013028
85741920
99542305
417470951
1562798732
269232836
29473872
2523057682
316000333
1091516253
2511933759
1651994428
204401369
1195709769
1029235494
1004362011
1151285781
1109393846
2269329013
252710639
363662905
695844827
455347493
1217258719
1448935641
993108348
940014969
595109187
278129136
946316932
1058406833
1582101151
1274939996
734758912
754941394
1159226986
1248259488
2961141157
349855997
215716016
925851703
411769829
505762135
2609010073
2038546610
1334474074
547479527
983302305
1651071346
287728416
978865200
78088004
1026304303
2364557947
657708452
1548663475
