997654997
835405742
642574318
349590190
315676424
245263773
876637238
308912880
1309127963
754475184
1282646685
695715266
416922907
308713134
794702955
659621390
1242300690
274021300
467176566
869637137
443035918
9014130
375099395
2936432956
541268118
412713122
1955964040
717689650
1181301476
739504691
543861900
1025193350
302618389
287461910
1210894254
314216997
939741824
1042049473
416951371
564305611
1354242903
260712495
2314686718
291997480
316925001
1369996583
823507185
363644256
252091870
1805943253
1354550890
1002912691
327257508
252555079
849515844
1337769168
461621120
172095764
394544437
535601003
337243831
763058497
1016026257
1106442986
357554049
648390699
252374055
84979857
957912157
1285656036
584404988
438275784
492617244
842071291
64287243
317236347
286863574
994633693
251643249
171740413
1078981278
178753402
455237141
408484494
812313509
414154550
438116662
1039205546
452953075
291867770
287373840
540164100
814449096
1632531190
404935732
1731541288
16260470
251382371
1448335228
932855585
1178701409
879626243
253905964
1249382733
907546807
931807751
1321815184
20312022
1206628382
752782725
3339761474
281978882
331991128
1063875056
1343102018
1127649545
986628238
767832115
1366508765
1289349295
274092275
1148586540
2537399315
532545829
41799742
39498387
1412093410
771543439
375132911
1009502493
928677263
648860866
475637459
379849484
