93301503
1606874
232658844
281997950
379196412
1056124039
897023550
1044326680
755144105
523329623
512373132
1290989662
452896966
444744287
289745495
289745495
252289358
728707192
274903782
767201906
1203883302
752839284
1968850800
931867370
360916659
1970860255
1471524263
1468114274
1135799898
1127648092
897163827
164461280
1020326431
838903164
741656109
694598606
1404291193
157515111
472857758
14251624
1023606180
406559898
276688933
29409203
542129548
527825925
810955727
651613099
651665992
343901698
342212700
306313799
