18310430
120781320
364329989
88963085
892267762
7978170
315440306
591668998
1358804496
593675729
243765284
824946264
504605622
564324895
1440176439
406665733
1152047553
335038299
670885643
1139489553
80684358
330208295
124547054
1796817619
599033914
505397285
278624541
497935742
490665735
740563094
304100738
957885370
462553207
524315242
872153107
354118649
85983592
77584521
346766575
785986036
332473826
472912079
537073513
249046615
1330281307
429769732
514457565
648172477
1048051959
515032019
165647495
2594409191
1636504720
3913981
459366499
1114865827
110598911
95575966
879122725
365850899
1535418266
865548922
46233243
550488183
1113236563
407514297
409235913
1024601951
499159297
670791517
1193838428
270459913
58202275
469738069
510287985
49717428
823123223
770692631
381526620
764283071
574941708
260551458
502405200
499743481
1905158708
724908060
695766165
925918086
1015123219
402463557
369487598
174194426
1209749792
353261930
78505702
826977993
1476641368
2268384349
1004714339
773814555
1060775621
598173328
56802295
389519298
108108762
908149118
853140085
1059635658
371516793
774694096
9179634
1253381891
471679199
1275271865
571356100
383918916
1073079261
408881291
1289084974
1002083262
571838605
978258969
742527648
308303934
103658100
497008704
569524435
122435932
283344059
4881560
451335032
304585193
389602942
861519629
1092015490
779465510
343577087
472401881
1342390285
463236850
675913260
47694124
791881333
1032593114
20005734
690874318
609840933
315699266
1525726064
337548303
625272688
1481518961
358989699
36914921
109516192
962404149
790165869
475683621
729500496
93414544
442890024
939245882
535734109
2550389703
106231977
435440455
382276735
415412132
272978734
158186691
891043005
2267505885
695093007
309701654
393688675
411035857
604424631
358454876
49505905
1092357953
769078807
1436189030
376396956
1366194292
1074180365
735096103
877101109
506819647
290933967
980632079
403481266
443891663
2430487519
328202164
415573719
835936248
81521361
494795617
532689651
547398332
1260746366
511179161
398053836
1285165
1220906359
821304055
953652013
905484082
346058900
150544970
970440696
1448034302
1025037874
236661347
81531869
354019508
952821220
447110476
978921995
254246465
9314566
921221167
1016282744
354361964
1207885131
30631996
454033563
261366220
337074140
852645866
411437253
804180052
510818671
418988420
263694669
784568226
328012335
