416432844
657297209
806427636
1129650738
1036661531
2478277024
1113181097
1340396043
734468543
454145367
1076067568
363241033
328142384
530160491
932246396
767174215
237415218
602637972
376435724
982500439
522900411
784998329
1525345618
284471613
1297326001
844050835
281208129
345478928
1421083347
842007470
119527075
513906659
276848977
838480399
448683152
307754131
953580315
656460658
715438419
654468106
929845410
799126379
396574223
512334395
330126164
864569040
282053497
807340694
382582057
958278983
690864864
485460
1148508384
571273650
240593866
1622559686
1530632231
863025268
314284737
419324631
781036151
548532839
305584515
690002201
1013733694
1305638028
617059164
879264523
1527303370
1040580357
1195982962
280777108
799852740
1121046113
1962676785
1783870365
457634845
1184703107
991631436
604602325
1547531706
1165500623
1542555941
799246690
825512760
289864178
1240620736
1048443446
1256905778
623395229
1318316627
394922445
593074718
346001784
1506823675
337679203
1773185256
1003582014
583323306
393861599
1969093375
1245232810
576139740
895669389
948853442
635290978
774001693
172896765
526278752
1310731955
1724415689
1063382032
2237362945
2453697878
553932041
814274252
592829893
893680015
1096413509
1042683056
1095835620
617538420
1282589103
2583227952
1250164672
297907922
948922379
978514504
1062747311
744203700
1254685887
546493770
530352742
1511786298
1600496041
1397793004
240627592
1449578742
314427679
1154955426
1771549409
972162171
393980081
1161317030
157263130
1812484832
429712765
1601828817
969573316
630218633
374340790
929590919
790924034
790924034
437833055
496230591
532783394
843880626
1518478166
1197409660
1309762141
791300982
992669198
1040110291
1921377710
574355338
1967522381
1967522381
2277195700
1952565392
1459103211
1018905159
675988249
1421188379
1457008036
810912562
2499983504
1213942967
1250678852
1476710749
2981212443
763997233
245116877
841834610
253491653
1227374749
1366682962
1042115389
1737551948
1248808452
1157108563
925272478
728586462
2275903040
1553677009
2875855289
2975343981
2410711545
