18-10-25
-2
812010399jj
77413011kk
58043414/ll
270139237mm
841627893nn
-3
772090622oo
442558738pp
1043953062qq
4776992rr
506603895ss
-4
434939987tt
517235916uu
284940914vv
-5
306447468ww
78397546xx
271633099yy
237040215zz
AA

756992794BB
308859980CC
182001162EE
4258621FF
370117016DD
825274660GG
846775042
65747036
756225349
516188546
1470991999
734027716
1043406890
839717327
156659154
719148946
2836831261
646097401
253685448
188515367
863416496
1937690954
694039116
635261275
892747432
877276402
954470862
810830311
55824014
156275737
511507275
1131577006
774214871
1164820658
441074589
274158098
397692281
540102781
846969748
330315237
641554505
675156880
954663911
1403637559
839486443
469448380
360011352
377416732
505969375
279198644
1292842991
465417991
495803315
972063832
544844947
378590792
526385307
402233942
601167697
546236738
925324291
447458301
522474541
1206840294
1019553940
675148238
937399007
398101896
285923708
545334038
313391026
317069514
252390402
13812759
284855460
402871457
695799606
1548918053
330137914
451560901
1026516609
82960566
780943080
940875397
843933593
949593148
369869204
308672861
839593006
530433893
1277796629
1026943054
1210936285
741685906
765918729
1527772943
1793810660
623810013
353735471
1262718527
717047989
819148213
649710861
286603137
583793284
1098561966
408472518
584292878
836092260
752756535
1297767239
2794202696
937893365
574374753
664326792
419547420
670190469
326226898
602991267
654081036
626405672
1003269265
1262287673
752417484
354454133
1570093778
924297987
460345650
190377048
891247135
1483827803
1164905128
402552513
1104120482
630773945
578449353
1106464582
173219091
249624601
442432207
750976874
22725294
1596719248
736750974
498281240
627909039
476861083
694192206
453558064
476684547
1457961030
470512235
869636918
1194754875
2803615512
578178016
2049899524
543017408
2273918660
734421728
330108120
675155037
328173338
422632230
644569004
1215858425
2469575061
1041717113
2501791035
359403385
396962461
2577410748
395043198
1685427551
2015349002
1056349584
834258808
459851059
447557612
441088036
781806002
380999402
731720747
626148977
455421642
2984091497
2295249719
1486440493
393125940
1124694455
669645226
997180659
2876368708
541197081
306630621
2047397595
2047397595
1293411951
645347819
455076012
1259080684
563961321
2050547557
287996051
156359775
445945147
827220361
921726103
314479824
2914950159
1577179264
745261500
1300224184
1218232398
1186147533
499143029
2388017441
961135942
258977560
644385096
759584337
759584337
305824508
1090854960
272570927
1141705720
1090703354
1037423774
1134480975
754760493
913489726
1786280265
462013842
524356821
352703626
290925712
254712322
845410488
344102864
360923825
1416622042
243524313
1135860906
452028034
840210449
1003132642
279629396
1173603149
604912984
913443780
750400240
495750635
496470592
526242928
783378393
1050783105
524283561
1058262245
81792130
731583275
1164064487
1170971721
245182948
443025355
1301666912
2351391459
77024020
1040907583
1464539970
363437455
2607213073
651879101
910405025
1413487297
498968329
921452397
165573472
310716577
444854251
772070698
1137041973
521172527
120459481
453333142
1083571552
2690354109
1617874742
623358250
675196702
912411108
731193402
582084596
513016493
780531558
283870284
499623861
363657086
7149855
1748688470
260993177
523912786
394267284
1226238844
525263307
454394686
245983615
313799243
754856165
524322450
847515139
448362333
624765554
372324293
1171806851
39495637
404433712
705748563
2917960706
1294176071
326241404
1282558691
504852276
904664953
857244041
1040598709
296271160
496897604
 
