895223965
153682597
707198381
329987927
290652418
234176913
841517794
978962169
1197455372
452651389
1090399331
847436640
1401639819
674809841
793080430
403913481
809964247
1369743863
860753670
309252062
526363499
834731815
630718042
410431850
315915612
447069673
303219420
85969359
350497037
635844412
2586635673
494644091
746436057
279803513
349394804
397792716
839859716
535674486
379054078
315894941
578154491
24612796
289612437
287955686
347180135
1274971756
593762761
783141465
794414808
531109521
