2317725308
438268310
511384519
971043126
644929398
505839962
8085870
393395548
89373983
1063194262
472355507
1096247106
1056723462
983760334
463021293
961984842
550651130
766717892
263386326
348797019
412878251
971470271
196642121
541158214
635490701
1378470620
137165936
75810696
408795813
971214206
670381562
1015473099
3897996
643711426
179906956
234977125
1344189838
277842792
451250918
530172340
361816140
727212248
260666062
799253319
403414808
393001156
616725239
1240741455
529999649
972921787
1142156468
758433675
