909489945
845800897
179566283
1005245020
371170578
410756176
992752355
970359849
996362790
825830765
736301401
569872225
244189200
593566858
247405165
171015840
695534071
1125400873
824446366
372903652
453294722
526157109
576400989
812006464
535372181
758752475
40150142
63203836
398421967
1301195067
305965383
547824658
1635712650
550884381
94097041
307087855
718842997
384243516
936961446
260553749
512894859
1987385978
769186452
735926840
472615352
1321213405
996692923
445241527
704942054
1009008145
942948617
857286106
835081271
925821576
1040885351
1758509375
769092796
297172740
1272243607
593940916
260364549
709634011
824594184
594509452
545758251
1105452792
108247905
751443186
2422197486
630941820
953808904
1182742621
823825139
254078028
1290135281
874816128
1102890850
476980826
935071897
1483533249
378069688
1187730795
565364283
10875408
863529377
1968164902
873623262
610632746
416959050
907072751
419189757
953043219
523447214
794564592
355850478
136367484
714418540
1003816367
214938420
1228996057
164777977
676265882
775776658
444303405
568660891
302711448
252279706
19492451
864325606
837209416
1737509050
1974323989
1548864629
24594901
306277939
185142891
270534418
275524590
395394722
821260773
576494652
394492516
275925353
1548108128
1454635356
340175850
329322497
422176900
554859695
1464278198
1140907107
847805041
443253833
57292374
27195031
376904845
308791342
84816049
155131130
164651767
1036085809
595460607
836421548
291961981
250186433
36870838
36870838
465546358
824004590
411410292
18610756109
1015553482
393467137
864697962
1292902546
776493696
