1282890162
791216400
493563334
952219353
1572824147
2252019447
476860164
962464092
734743947
214870584
1366831794
1504436907
717287388
1037312938
984832078
934034038
905601468
1183080461
1159873320
578534498
158280915
1021728395
1364730578
604001048
912065867
1078959378
1569666187
920947729
1227004796
540749634
1162004402
997472314
915970774
461854211
825492556
1654073520
2245774761
773790853
913924569
1361862702
1299975653
2437711799
1254516923
1052106609
897692771
865158292
842294666
861101810
649687594
847445840
397097884
1309818985
959943074
273120980
215420870
409001506
565776849
1358181890
461506057
867125764
1468452435
2493198709
1294672518
1179401896
2741375748
2911914197
747313141
1762543327
2623208612
1403473129
1204229296
525756675
929311782
475109297
2832065640
258043228
925221236
1287390555
1287390555
1311152301
577100534
1778890182
348654509
2296725590
1625462598
821939346
2654433769
592800836
943076243
1464349355
1489482700
1037307258
1416711908
1406422009
1045585591
1071463633
369636873
444741494
2317206639
2569195427
1336818587
1746673804
1399750633
1479992639
1412045740
920664308
202021007
389317078
1456125808
781194247
1195886028
3026545971
1780056452
1206677924
1305479577
635032104
1262212788
841116545
1124602809
974366221
1090788358
2608202177
2276402779
1013315914
3052751279
2285833923
331490226
1306464403
1539570063
75774384
