513897641
184834855
546496311
824140346
20518229
283658636
991598447
635045021
1004418693
584141125
836599654
1141857764
573008521
474943265
22540032
599066758
435431580
120108805
250633465
1055661479
1536914874
983278835
271651952
54484572
511056044
404696323
731749035
1169108677
462383585
284680293
379836557
331713982
1636763586
287289867
489515688
752201300
1021296413
897874149
821358971
371345228
823508616
709611718
356945149
787022661
702451138
729579965
184390374
123456
1196858322
582072760
329721703
1287679136
568701961
616049645
1477738285
464848741
157527239
502193454
503468977
464170937
1748837731
1299882757
948862721
377978421
631082213
297508322
157076892
296889337
549894545
3072076300
704563879
497901713
1060424656
945357423
330723435
1625343920
1017466074
1536009872
1152790341
373139762
313106396
348941978
907672635
429520323
381369928
619564603
278679518
1141093237
374403382
1604107631
591631960
185952199
651558091
627251774
1206579824
364780690
2472025658
553537112
382545938
1156924507
806521128
1819355791
421243120
87939082
1436284979
616306887
928953987
664110048
