18-11-8
-1
602865479a
43914543c
28316324d
26763798e
278158821f
-2
76656680g
2233051659h
343076521i
371110192j
-3
44594593k
150501763/l
542319804m
347063023n
-4
2041863616o
283463059p
358610347q
149432734r
22165494s
-1
359418127t
313937713u
16089799w
158491594x
2320988593y
-2
431141926z
390058788 A
511212204B
-3
78597397C
986111742D
32435096E
302074269F
-4
411817840G
401860451H
155184917J
511328184K
278449238L
-1
252820942M
350686779N
475394544/O
19674668P
282169705Q
-2
615743206R
592005427S
11499903T
101638296U3
-3
1475712238V
93762170W
412397065X
-4
1528714676Y
815138542Z
414026991v
715110117I

87461924b
304463790
652802575
2529431211
303694264
358825387
876515080
844878905
47944157
305954567
578466653
1025285324
1617657224
346388283
604812897
137697339
809652807
651840905
451584776
443999519
1156302665
348849869
465583033
867468474
27689762
997664756
810934752
2607359087
943389743
815669097
569214442
358042933
271196901
791462122
1986460762
512057889
415981822
286557339
492900200
176797425
43834585
303394057
346820593
316905907
515967485
21505725
1306218011
297301593
401139260
1250503949
815054692
969186291
309526360
861980273
602271918
1183252699
2490868957
740799426
282820104
386671034
1032431935
891032510
1348548858
1071503013
892505891
1350550301
19023371
1724670657
469386903
2584712311
794381815
506700106
2428183380
1849497528
410800579
297907564
1006672622
644632957
14825104
122743212
934937234
2388803134
460957136
43709436
345167941
191641395
1390979596
16946086
10941482
15500969
392062395
715612541
452593252
1055562576
417319146
297445456
758592435
632320308
1028249324
780248009
741886461
1058440692
923929358
258277191
71052073
529916094
280098322
42193469
49477279
419059791
51685711
21409717
1057943364
1137066284
331576199
759495198
1575067649
370855970
1246164011
14639997
379749099
71834195
864670247
378572207
908636040
1041964096
1925258328
347402984
492073341
136579573
409087184
631448785
379118347
396420035
463646357
253473392
139660335
1325652724
516407851
407036174
27046576
1010005322
515581716
18740585
1356846754
542216118
979641226
1263545462
229888857
544575102
172038566
475790694
390984696
1042479877
692005504
329213857
406890451
399085517
695750328
564614987
32149403
258205665
495342975
2519166395
506748463
1173987951
1103938754
1076863155
375117565
123631087
530024943
846962668
1173191974
1256455127
1246196276
94333217
287535960
53709431
84425189
862701965
384103987
235856035
758698101
327160574
593374287
1535312910
1214283614
369850350
1035036869
1083473076
249248321
313930744
1044954305
742671391
93419136
915424524
4760589
11247382
1205444144
996774799
921807502
41486410
539880280
345259934
734581413
1142024915
496164202
455345513
303019867
603359833
529688842
316886576
66789928
657333556
18315711
342883635
787145910
4456969
119140546
119140546
374577974
1034583927
455131430
762983161
412404071
165572508
545579057
497168957
174638640
1195906538
939448572
115430644
1269448154
877243448
81446803
31391567
404019854
279444157
1020267602
1577380440
1309037398
2014105529
136617338
877979643
80936535
834124595
964105405
1004624041
743667622
407797537
1498069861
625128192
1197194048
495841043
26814486
332609207
775527474
404860310
292842873
895537313
275189167
245256614
977893826
619689665
453163156
19666116
452519402
841646577
396092011
747054372
1405103773
414271691
814732014
935909550
739027530
494588227
751629872
1033441743
1124513116
