805336450
30755436
1838134026
846781945
283279893
458282030
625157010
315192063
285548556
1229013105
583796253
429569843
847474045
278645175
381683523
804249019
442439886
349662509
343583253
343699901
635435143
513754596
1276613141
398043890
1161329872
1163629567
515307787
313001297
675624371
191392515
657038252
495149961
714362202
1156002713
2762171152
404593935
522564711
30348592
545005117
710659496
554224111
1079412629
377521609
764639689
1534299279
519518620
276995810
1522380627
253416871
819192733
1257066778
451937069
419962505
1208572160
355887203
537554116
153891975
921790747
735682327
1790878917
983740769
18683562566
404076940
1210660840
