2160149
381174355
493982766
3848129
8267228
18673083
20184623
21352821
24912477
25831662
30544841
44956359
52352287
75968804
77207874
103197510
115907528
116655944
124789304
136947792
249478646
271296153
276483656
278092002
282065393
285023181
294693843
294693843
313545243
316620214
346722986
349056650
357218340
358180421
360334384
362418596
379675910
383697311
398030771
404552708
453761366
475330574
516768382
522049327
602078923
644838993
654797941
704344892
724504816
814838216
873904063
951810109
1023591381
1052859710
784077633
862023519
494049123
545043863
874817278
771278301
1005571838
1095447959
447406030
375882916
370029228
1054436601
1945353241
813747989
474646457
243488248
447074230
525814236
158104637
1253533654
258403792
1446487927
121451215
915480117
779729789
843659847
412529812
623843803
1142350059
1819609352
493392909
372269084
