21808147
27476212
40554826
56314500
119845382
120546703
232234372
241523271
254774591
258574860
270800451
276965068
277871764
376008632
409438987
738402794
793211833
879248443
1016443087
1275820188
562636437
527590238
253661259
117340320
851605189
174362081
876109352
546015345
327334196
1173925019
271537541
715246878
464603869
783901106
740862389
512153266
64384837
838062519
335882646
1914576900
153206853
9535027
827244361
212569101
1840372989
37008601
1541457623
553279179
924251432
1515167329
2213846920
1325073055
380427196
911043179
919253212
