250769429
345681015
904407495
57565744
13522470250
39690657
63280757
76770627
174635421
249245120
276208119
282539712
285491831
289938360
313205960
394384055
396944865
401961048
419644489
438506180
475659216
475878894
492849452
496833971
502085276
515645454
515960783
576838274
623228760
649076629
756809446
837800571
845063722
923447769
1145970621
1402422485
475215871
458236567
17036461
334260662
52891713
497739956
864262245
28337337
253915452
178354353
51288722
376687898
1195789160
53835597
170439375
393463166
85713572
398906480
939089697
1643799062
530621565
516006896
328273192
272319641
375993836
362850991
393607590
595942770
12254179
570374329
41338047
1608219954
835812976
153206853
357726229
490436849
