18-8-1
-1
259178817A
541363840B
2296506925C
395512350D
784924183E
-2
446529518F
499986648G
1009716931H
281713326/I
974265254J
-3
626079865K
252793025L
951548418M
N
940662014/O
-4
695642589P
497585749R
1113613367Q
826410397S
206882720T
-1
1763130070U
18-8-13
-1
44320713d
425196783
2650976908b
646818658a
1021383615e
-2
2293220263f
825934359h
415385930g
359417058i
703102198j
-3
375368469k
592444512/l
1443831752m
407370381n
512791716o
-4
375313414p
823613225q
849809712r
273023506s
987884181t

207272068u
453700733v
421918870w
512663383x
57565102y
395210752z
380093709
364851583
237468702
274190439
824511708
670422283
893908356
462779049
810306653
996878832
664949626
2642253661
824270400
2323720791
879381700
462075925
754785046
1291385586
280587210
383468581
593719806
46199895
675921498
314013438
565969606
591923482
1505312034
995837823
994194470
171382566
914443926
4318967
1148049240
1148049240
1244659359
1244659359
270678856
270678856
253518112
250899311
1250810230
271858306
445374503
1401544619
961934944
673666389
763099392
1256131848
276806617
294485039
179772308
1091884562
1129024421
1227622525
122574627
237572079
372073307
961871448
2224989982
1102242809
442773041
996523142
305754829
505817382
61894795
1515126595
386138516
283621752
384761498
17123420
782605654
41178311
121426191
742265722
821694588
821694588
214799999
781425886
1075670399
502088518
376308324
67833425
1161286187
530697939
501803610
181813086
450208823
1228639560
554169378
835046947
504254215
471316027
865606612
329299162
329299162
1392312756
470211516
1797060690
346193863
1042863108
392419874
408062307
515895654
1055772709
11943261
262938911
1030051089
455905587
313095827
403039176
504601995
2219001331
529719562
949273918
924125791
1161761535
461655911
2379021881
251264217
417296715
61440235
359606217
549947240
544940550
626546893
2521002037
847031735
1131306996
415518934
1418057365
376694419
541226648
125084367
