275053560
837296071
287613242
190716549
452254938
296125543
296125543
373839983
38013530
1620734254
23060875
275956940
1349807384
394319260
316068344
178986574
664561998
397098470
779194789
737096360
511096872
812793233
17384282
80971510
81912623
381121563
1424248340
307811319
1411761905
531401057
547806890
240663569
22286466
1169500784
405080390
287376623
360641889
517352138
765457951
16532820
85061465
57038545
529101820
80847872
1009083633
343188621
497270619
540026871
26996473
425961602
276803000
2370988181
8470606
537039405
249857310
1469068626
821496995
