1290135281
234886827
441518243
450755363
1548151232
380358897
331901711
1441684582
446855233
1519123786
1397537212
1299657459
2295462032
464411320
522481527
523136607
273816883
295015509
32943813
359044685
343271977
1791501024
850852072
690897770
2551043992
893871323
1078519669
350429864
307499008
391143122
281476196
576691136
154145223
470397752
517737009
841106434
506884901
554088036
569895703
1239752179
844148124
1072124181
11077447
474773069
1054286075
410216899
501551023
330436596
793679601
183212332
307729888
478596210
1448782169
644588448
529613612
172934766
719068747
675925131
806282499
294671820
969375647
745032517
512308226
504606437
763204436
277188953
2806940778
1143856420
1224409754
106330762
27615486
66534858
893157823
316023170
339818157
307911172
597497100
184062206
492610064
523389042
782101860
1572940116
857367207
1137639523
541162826
1208089960
544727066
1078496161
11387232
443253833
402314182
285855817
172496088
657819642
445845281
403835572
149491958
1025062268
954221509
410094394
19146258
903904683
295978086
122377758
125424955
714325722
1204249889
49378200
254393651
270948987
978505172
905246209
136438075
785029007
1695383634
1004698178
617994187
506941916
297517970
1163057852
971464225
734467487
41957196
280527023
905937947
451818509
1069012848
591911585
1067233566
1747410486
914551507
864936915
1085463832
156559511
1258972365
313853718
491611549
339828041
712296779
271025257
912778787
55625720
364266889
365682518
617250370
343209760
735657666
1103740348
494485911
506038915
1376018969
1090073880
740734202
724567129
597212185
985001501
790974496
675409893
1296545885
839993927
751528383
690869836
437684230
1186021118
823341498
921859757
841746829
419309686
1253251968
1448794546
945592192
1092829711
244342973
381146391
252321594
466558608
1010219305
823176363
313030875
957033821
183071770
924878806
418830172
314798562
935049960
370785464
525273895
812857748
656678786
2196845921
438669915
1506629659
369283130
627220260
895766097
784748342
245472574
972326013
470665053
987520049
179594977
517093182
369785424
928834903
1099537515
912683151
1822504775
944381167
479851562
479851562
164891984
327768067
758529908
772855582
314796213
852340404
309914751
1276379886
273035985
759826099
512038356
519041334
1017686464
420722983
1473977466
594075256
420072903
272335105
619715626
20983440
162025210
493799407
327779426
347400944
524798429
826141756
735016902
349879109
471518677
393657206
806960381
258262349
263793207
270512480
284847285
530490930
529556335
709374701
820829602
756747977
1024409093
464161239
610214197
506322005
501304836
569807808
354688156
676857981
64379257
876268513
1094738602
408677524
1214984968
1187520176
1053121197
575706519
528423682
374816295
541507359
274957338
1548842765
735385949
932896899
694711618
496865677
30397053
471569267
356227916
740104540
1174052977
1023378425
790977122
857594839
2860070045
564796567
562415481
947508048
42793924
626465669
573550248
195805777
1053036329
825691907
736864973
342660744
1010632032
751382070
779570966
1072548184
306780771
160209694
632489568
469402023
592855791
28719011
752358177
307734588
1833784903
594117375
445100186
373620863
495268609
2571711920
578656383
979503592
793891569
1156538541
354907245
243115825
228303541
1185423094
1173965977
249411174
489658508
2550786107
494034405
954158092
854217943
280594918
1054551447
251906072
779482850
381461889
503718820
349296134
2835703112
258230576
229326307
470248083
327976193
285368465
348951067
123473038
1448416615
363014492
850451252
514736293
1348408399
875965826
923867268
735978221
1023582777
1335210411
821553924
2667609140
247545362
369476753
2428079006
804756016
75982198
470664487
769570676
328605913
1173639307
1170729345
674204107
1322234989
568339465
903979220
1159883946
278585018
281924333
2782273165
474464315
453457028
690965223
823612984
510220251
316495501
1140669107
971494331
1138497593
412225408
247405165
894373729
951690917
472539853
610612252
407321648
442194785
308784708
1278537814
2351462800
404674259
595037204
2822492360
617525436
631594898
646351281
617038104
649213257
326527384
779777195
502115132
779443092
1586692909
1215406518
312869687
121898544
253013846
78657742
648253593
592901769
1143769697
1105065188
252860772
1045883752
794155853
378030383
981328737
458417238
343884693
574751312
1009654005
1248064263
1042472303
1044083846
384325419
753393613
1142105869
781253636
863064401
334307279
694594095
570322031
403176193
1127059685
490049766
669217981
1094719160
443941361
837692633
627067110
985271529
971556969
331440863
1291152169
31532405
1248915199
2404916967
1498702916
576366376
614433079
1551909022
469656256
2835830110
289789286
772624383
529705910
303834799
995134135
1303271453
614717797
1017280423
850662039
284389992
1073312134
702752624
472668143
363628758
984283866
1076013951
1013643661
502109195
503969688
490278022
1085490117
382347661
254877401
425079368
258441795
641180112
290632085
50279224
517776510
793952018
604490685
525268338
670587203
418494138
2315339467
907870351
787221557
1040490990
644570783
395885991
1183152160
603292655
390175271
916952722
176818392
448916629
1324672375
1050304633
631788809
2463330605
394795678
418879621
278157436
1014493346
2538065475
251799490
707186816
386794485
1510281083
502610591
295476501
243864425
470309960
402047686
245193932
272577121
442401264
1191376965
443919190
408316326
408316326
472757657
1308973687
408647964
616570317
1033318102
1245195241
494731319
406246819
834511462
153242455
862543782
263555972
1174856630
395616368
370595213
573060228
573060228
845422895
1240887147
455240342
251270151
1186918199
3136902767
1550254649
258011714
1430767898
764433244
932893575
1052683869
314513872
1191682149
970762125
346015091
441581217
1151696247
1713754815
54976186
474683107
419887437
921935383
137278582
962534745
498127207
23876808
1154526537
21063502
512774635
390591898
1241855371
694775483
874996851
1057416278
304234254
583927554
630082887
407905919
303852509
156931180
490326458
394710071
1146539335
664706116
846136479
254807439
1579063447
875254895
676802043
281991156
1214759226
406834843
1025050386
854980745
378488841
1224347293
446061714
1183111842
279478792
310278530
1607594768
617741486
2240461214
1054604750
243595605
371144435
1193145612
535320965
157247894
1328251262
985996079
1184355121
1075536910
610396891
526493095
280790626
1004127919
192805816
375997664
1075246579
1185784768
1441308276
849232758
403952816
1207508259
379672756
841054468
455214564
769182076
121692916
1021340251
1519520281
286523530
408697147
731138174
330326639
1328754970
421787190
781233469
372851720
103271448
514233511
1105472126
1138210584
862629992
1525685596
598789133
814668415
380117527
1610299954
582850029
448108561
1207347168
3757055
214535914
1127599514
1064823354
351038528
898677446
1392156118
2215440749
1012857691
544481457
983042863
258535444
444965494
827179919
798234220
645787257
1184394511
756132665
602854420
438374087
1440287796
276512791
923403350
645449323
792051805
804683601
614767018
2456116220
961268635
393513371
444963927
651595010
1175885444
676357605
850444934
535971412
40391008
463569938
531339176
281925834
651119700
1284916794
328903597
1289521845
277514803
865009241
1175855003
445476817
813913855
290036776
714839331
185100482
562332605
2295098601
511797169
1062173033
270294355
707027661
815883039
839297261
675827511
416386493
147449680
1472064379
525847370
350691073
1604454390
353992578
549077254
543778579
371186226
765478847
330731043
1537310427
568817068
739754394
474996142
471247555
504863492
8923157
305119549
407672483
374387838
1439834474
314251494
1121697871
1203300194
122784809
707393575
2256552037
1735107848
287317538
136857661
1159395942
2650105843
512879636
517431006
1123989082
861105534
1036833185
530962488
642684874
1043965104
378984202
1562363127
108431968
441559921
1042334970
2297590140
286639565
512403581
878215953
1165347090
769518401
624249938
945725774
2225083145
2454206038
1156969076
943004605
155292692
252569070
627063998
307066435
466512085
279194667
790617741
45566228
553787439
306328212
823709317
775499241
357526172
1099533209
1251974627
591387493
854090772
1525928628
925759207
393305752
404573757
381725279
307437152
337029118
276848977
466028848
540007903
584667847
1171923736
623358950
1249907248
565171247
947101338
635903829
273129193
986721602
314709002
1293836110
759864130
451659316
314343374
873454939
260824705
395602933
568287104
527363613
446404613
540300176
947477790
475758270
414830490
419289130
403256635
345014936
271198495
459937514
836779894
94336185
709170809
947994139
690506596
350475041
273144414
543707907
756898421
237460625
861087020
519795848
1394091193
1017714947
604600491
1484886488
670964110
237366076
463923895
2473456861
1434604991
290203672
387582648
464051316
929452262
1262048425
1192221269
1033324807
1033324807
547298968
471696371
413720892
284471613
1499816641
395865953
527534469
690213528
46404881
549755950
834623305
634824854
582214216
1115194542
1195260013
1203425771
1034450536
1103445958
1290484490
930838414
1035038035
1319101077
1603185775
296764075
1058736030
1072624232
572425651
505576047
1141640435
2980326883
635094628
1348128660
1518146118
1002590510
827752275
1261600765
1620159102
2422247579
1430046781
1171443353
458904548
1412295475
1757298677
843024841
36590315
1418165708
1798703192
837966931
253182268
1192099382
2286214430
1083939515
1628160490
446945490
569141364
2821558787
1290275935
1534215642
1050170493
254311145
1030409886
2211242207
374676616
928297026
302563880
1459205130
1917212227
1103577141
2723843964
553608679
1215519230
786341634
137574248
329030733
924898857
496845352
1054826354
814887341
271611176
362253963
924418168
346330979
1445257038
376742827
1017908737
630768184
493257891
283260768
1322289692
601648074
1035836564
272845443
2551405538
741480531
1174635688
342781880
505904014
1018812795
1106121918
2188829472
393864410
269569453
791481719
1449383475
1815791571
1052865653
1073665459
469980486
771764929
455162829
973253540
2624681399
597149733
1483453283
2550932378
459428561
2810470177
1934227458
1048792691
905255047
1246057267
728857081
326079764
1419745609
1903324202
719967118
1115136583
316040513
1378387456
1584472643
1870968695
515002061
1163245465
2290726586
393090753
1005373667
1843168208
995952424
576959879
851358718
875920906
953059352
1540426605
384128889
853379056
2843299074
872378408
459195338
1549390569
1289525061
1787724693
274521787
1033443754
1430734118
2718547704
1486765723
342657726
1037658180
876140620
421045193
412325872
790639610
1099494228
1765272616
1046236636
836565518
978579856
852043098
1737585950
1271043047
1259051995
957449868
1759194542
564117643
1324615809
657031967
315044151
1021262167
724481967
906845291
1060819990
253862295
739583745
1170525441
740816132
806479947
1623793064
200620847
1310139094
690537998
1094219572
790699166
1846439785
848453924
862098114
2309824923
1621297330
734935582
1394210280
962584310
1142883261
1127442760
584197112
1658418271
1977853118
373908824
404974323
1275165067
758512242
1277985504
1246285306
1225919688
952834467
514400965
740652000
992755374
849800966
2433319499
1348554054
1013854163
634865029
954487052
408052594
1607839705
577271325
1910962216
1512576290
1499010118
1650399985
1533953059
1029623406
1292311530
1905636499
920637374
2812024473
359889278
1309818693
510548049
1255839394
1486221259
995124482
570806408
1650374744
2724387241
215811850
1571183964
1227893138
2934978083
2816138597
1187358004
634933004
542577183
392138835
460611508
1727423093
1070705450
1539834829
465553044
767550691
249281734
1609572598
1170819907
2441898553
601923640
193502377
402678465
406854398
1252287404
552704182
784403659
2240070025
729802813
1076557794
1003476895
1761735958
709591040
746237105
2200867272
1873200389
1039385501
1019676907
834573077
1374557902
1052610493
1341402173
1229066970
261792983
1519739243
297185840
532463966
1159201940
1098216031
2285935849
1582476268
584180861
2574624009
2440334543
781681606
1535592177
841542417
771228929
619414025
2582277410
619882551
1164462554
504395923
842650669
1780705396
1092236834
2268150317
2287949483
978947465
183885403
85535659
986315188
328010524
987468391
2673466264
1091653844
1170161540
568742704
451419791
742751949
516887775
772825776
275631013
1642776544
1029784786
2337364278
2680070798
2576292417
1105894269
1617299464
1375990198
759579897
597679394
449786102
875312621
937579402
651472855
1435772033
463563264
381712275
1903181275
746401952
442327211
591681624
657692856
1554705610
1946199136
347087934
1459973223
1162477974
1144037621
381439292
1024086871
787562534
1907631052
250772208
304350276
1973229289
1697966543
359180390
923154236
911705068
541281965
39634709
514018048
455205669
734572382
329611872
329611872
805964652
1377243298
1039901229
1871617006
312840867
1069961916
3361919231
770562727
1019226108
3021282682
1466413533
815177396
1457977539
2413491978
651306801
1187624472
2813800097
1756094736
1246774996
454033469
2875353157
1149256640
815678736
252805241
919698256
769299573
414871941
396585662
449212667
445402683
164907723
2298669148
1641944303
1320491205
118127041
1415658113
674958368
346301811
1769020417
984997991
476730692
1352280037
1772324825
188257211
1030913521
378277405
1620573085
2473947860
1763321431
625545439
1339530735
2807653456
850992089
1480318257
185356735
524833893
381980818
2835069354
1547714256
1136727686
84590124
853143920
892777928
850049119
1114323841
1418598558
1845416975
2260261129
1009587401
1209943998
1946820201
2350703530
2209356215
1269141788
1134474651
327959895
1840159971
1624475427
123456
2512408171
407342828
1375050716
782519383
2857394086
2546341612
2643393897
1343761622
310674303
761408430
1821453503
916724540
1242383887
1632701295
1647703769
