9969809
11213666
11559537
17754864
21738612
25896886
26999865
32254449
43960905
51125158
64404297
65942422
70142519
75102037
81632425
81795569
104686689
109614311
117320923
124712394
147304811
155053648
157505825
172569962
183739175
250345602
258512932
272214765
274325604
277468885
279754366
286098021
292417020
314742535
315144021
357165125
364924745
380981170
382424809
385216651
398116177
405782093
415627941
417671403
422489141
443635542
470003081
493861240
523812101
524748185
543317452
625151189
635596188
644826770
654673814
675911694
676310108
690310814
729672015
776397184
905937515
939069926
973227846
1005654449
1064456564
1394468066
2558781117
6297289
472195236
243996113
2321524707
442960297
862710151
1093620405
250097669
492139448
2652121498
39472429
549012024
870162073
453170451
949068229
632585344
392123858
30131753
376015650
