50087198
437619306
317903982
28813777
23140384
541251777
214827782
478524665
25903152
249731651
243563698
553169574
543779135
444347865
429728944
1070350539
714745351
526752514
407423129
87457578
785874134
243281236
1070996955
276658781
842285713
254170117
1271979447
564186003
470034551
405361266
792643598
515798280
277354089
951869776
106167628
410219579
591538739
44551680
1046050471
295554810
65055812
40125303
69155859
925926309
66236986
179079272
270983097
519425878
108551952
545882141
175206074
356765849
371981785
125281466
346898223
33019242
394129159
813036740
393186062
41069734
444347865
463723581
380107480
171149520
