250128273
278225192
313726208
632291757
8917881
9578164
9711314
11577088
17796483
19506729
20351505
29658913
30140040
37279512
38478033
46195726
51586901
59721547
76522372
81484669
83388480
84977664
89111903
94053590
113134494
133578778
148055838
164426258
174430636
175872468
187359215
270247835
272544087
281885312
289494745
305761446
342917844
342971719
371412501
380505501
407176040
411193174
412797064
452974389
472003786
474940038
532805776
568480899
604238175
624432819
631999223
702104754
771435365
793194330
921141793
1017511045
1121497283
1627791236
123514081
112345982
1247100237
627024789
1326872924
214031870
1114150114
147650464
85294880
1750615277
847533567
32431851
9643478
1140225420
1075884863
835836812
544574067
66706684
594916534
443276076
550471959
316290137
87994839
1250161202
1031160391
1755729974
1537502666
447397756
8169046
252782478
949347966
2287092189
1123429789
953745771
526903680
